1215	250.027	0
1215	250.068	0
1215	250.122	0
1215	250.19	0
1215	250.272	0
1215	250.367	0
1215	250.476	0
1215	250.598	0
1215	250.734	0
1215	250.884	0
1215	251.047	0
1215	251.224	0
1215	251.415	0
1215	251.619	0
1215	251.836	0
1215	252.067	0
1215	252.312	0
1215	252.571	0
1215	252.843	0
1215	253.128	0
1215	253.428	0
1215	253.74	0
1215	254.067	0
1215	254.407	0
1215	254.76	0
1215	255.128	0
1215	255.509	0
1215	255.903	0
1215	256.311	0
1215	256.733	0
1215	257.168	0
1215	257.617	0
1215	258.079	0
1215	258.555	0
1215	259.045	0
1215	259.548	0
1215	260.065	0
1215	260.595	0
1215	261.139	0
1215	261.697	0
1215	262.268	0
1215	262.853	0
1215	263.452	0
1215	264.064	0
1215	264.689	0
1215	265.329	0
1215	265.982	0
1215	266.648	0
1215	267.328	0
1215	268.022	0
1215	268.729	0
1215	269.45	0
1215	270.184	0
1215	270.932	0
1215	271.694	0
1215	272.469	0
1215	273.258	0
1215	274.061	0
1215	274.877	0
1215	275.706	0
1215	276.55	0
1215	277.407	0
1215	278.277	0
1215	279.161	0
1215	280.059	0
1215	280.97	0
1215	281.895	0
1215	282.834	0
1215	283.786	0
1215	284.751	0
1215	285.731	0
1215	286.724	0
1215	287.73	0
1215	288.75	0
1215	289.784	0
1215	290.831	0
1215	291.892	0
1215	292.966	0
1215	294.055	0
1215	295.143	0
1215	296.231	0
1215	297.319	0
1215	298.407	0
1215	299.495	0
1215	300.583	0
1215	301.671	0
1215	302.759	0
1215	303.848	0
1215	304.936	0
1215	306.024	0
1215	307.112	0
1215	308.2	0
1215	309.288	0
1215	310.376	0
1215	311.464	0
1215	312.552	0
1215	313.64	0
1215	314.729	0
1215	315.817	0
1215	316.905	0
1215	317.993	0
1215	319.081	0
1215	320.169	0
1215	321.257	0
1215	322.345	0
1215	323.433	0
1215	324.522	0
1215	325.61	0
1215	326.698	0
1215	327.786	0
1215	328.874	0
1215	329.962	0
1215	331.05	0
1215	332.138	0
1215	333.226	0
1215	334.314	0
1215	335.403	0
1215	336.491	0
1215	337.579	0
1215	338.667	0
1215	339.755	0
1215	340.843	0
1215	341.931	0
1215	343.019	0
1215	344.107	0
1215	345.195	0
1215	346.284	0
1215	347.372	0
1215	348.46	0
1215	349.548	0
1215	350.636	0
1215	351.724	0
1215	352.812	0
1215	353.9	0
1215	354.988	0
1215	356.077	0
1215	357.165	0
1215	358.253	0
1215	359.341	0
1215	360.429	0
1215	361.517	0
1215	362.605	0
1215	363.693	0
1215	364.781	0
1215	365.869	0
1215	366.958	0
1215	368.046	0
1215	369.134	0
1215	370.222	0
1215	371.31	0
1215	372.398	0
1215	373.486	0
1215	374.574	0
1215	375.662	0
1215	376.75	0
1215	377.839	0
1215	378.927	0
1215	380.015	0
1215	381.103	0
1215	382.191	0
1215	383.279	0
1215	384.367	0
1215	385.455	0
1215	386.543	0
1215	387.632	0
1215	388.72	0
1215	389.808	0
1215	390.896	0
1215	391.984	0
1215	393.072	0
1215	394.16	0
1215	395.248	0
1215	396.336	0
1215	397.424	0
1215	398.513	0
1215	399.601	0
1215	400.689	0
1215	401.777	0
1215	402.865	0
1215	403.953	0
1215	405.041	0
1215	406.129	0
1215	407.217	0
1215	408.305	0
1215	409.394	0
1215	410.482	0
1215	411.57	0
1215	412.658	0
1215	413.746	0
1215	414.834	0
1215	415.922	0
1215	417.01	0
1215	418.098	0
1215	419.187	0
1215	420.275	0
1215	421.363	0
1215	422.451	0
1215	423.539	0
1215	424.627	0
1215	425.715	0
1215	426.803	0
1215	427.891	0
1215	428.979	0
1215	430.068	0
1215	431.156	0
1215	432.244	0
1215	433.332	0
1215	434.42	0
1215	435.508	0
1215	436.596	0
1215	437.684	0
1215	438.772	0
1215	439.86	0
1215	440.949	0
1215	442.037	0
1215	443.125	0
1215	444.213	0
1215	445.301	0
1215	446.389	0
1215	447.477	0
1215	448.565	0
1215	449.653	0
1215	450.742	0
1215	451.83	0
1215	452.918	0
1215	454.006	0
1215	455.094	0
1215	456.182	0
1215	457.27	0
1215	458.358	0
1215	459.446	0
1215	460.534	0
1215	461.623	0
1215	462.711	0
1215	463.799	0
1215	464.887	0
1215	465.975	0
1215	467.063	0
1215	468.151	0
1215	469.239	0
1215	470.327	0
1215	471.416	0
1215	472.504	0
1215	473.592	0
1215	474.68	0
1215	475.768	0
1215	476.856	0
1215	477.944	0
1215	479.032	0
1215	480.12	0
1215	481.208	0
1215	482.297	0
1215	483.385	0
1215	484.473	0
1215	485.561	0
1215	486.649	0
1215	487.737	0
1215	488.825	0
1215	489.913	0
1215	491.001	0
1215	492.089	0
1215	493.178	0
1215	494.266	0
1215	495.354	0
1215	496.442	0
1215	497.53	0
1215	498.618	0
1215	499.706	0
1215	500.794	0
1215	501.882	0
1215	502.971	0
1215	504.059	0
1215	505.147	0
1215	506.235	0
1215	507.323	0
1215	508.411	0
1215	509.499	0
1215	510.587	0
1215	511.675	0
1215	512.763	0
1215	513.852	0
1215	514.94	0
1215	516.028	0
1215	517.116	0
1215	518.204	0
1215	519.292	0
1215	520.38	0
1215	521.468	0
1215	522.556	0
1215	523.644	0
1215	524.733	0
1215	525.821	0
1215	526.909	0
1215	527.997	0
1215	529.085	0
1215	530.173	0
1215	531.261	0
1215	532.349	0
1215	533.437	0
1215	534.526	0
1215	535.614	0
1215	536.702	0
1215	537.79	0
1215	538.878	0
1215	539.966	0
1215	541.054	0
1215	542.142	0
1215	543.23	0
1215	544.318	0
1215	545.407	0
1215	546.495	0
1215	547.583	0
1215	548.671	0
1215	549.759	0
1215	550.847	0
1215	551.935	0
1215	553.023	0
1215	554.111	0
1215	555.199	0
1215	556.288	0
1215	557.376	0
1215	558.464	0
1215	559.552	0
1215	560.64	0
1215	561.728	0
1215	562.816	0
1215	563.904	0
1215	564.992	0
1215	566.081	0
1215	567.169	0
1215	568.257	0
1215	569.345	0
1215	570.433	0
1215	571.521	0
1215	572.609	0
1215	573.697	0
1215	574.785	0
1215	575.873	0
1215	576.962	0
1215	578.05	0
1215	579.138	0
1215	580.226	0
1215	581.314	0
1215	582.402	0
1215	583.49	0
1215	584.578	0
1215	585.666	0
1215	586.754	0
1215	587.843	0
1215	588.931	0
1215	590.019	0
1215	591.107	0
1215	592.195	0
1215	593.283	0
1215	594.371	0
1215	595.459	0
1215	596.547	0
1215	597.636	0
1215	598.724	0
1215	599.812	0
1215	600.9	0
1215	601.988	0
1215	603.076	0
1215	604.164	0
1215	605.252	0
1215	606.34	0
1215	607.428	0
1215	608.517	0
1215	609.605	0
1215	610.693	0
1215	611.781	0
1215	612.869	0
1215	613.957	0
1215	615.045	0
1215	616.133	0
1215	617.221	0
1215	618.31	0
1215	619.398	0
1215	620.486	0
1215	621.574	0
1215	622.662	0
1215	623.75	0
1215	624.838	0
1215	625.926	0
1215	627.014	0
1215	628.102	0
1215	629.191	0
1215	630.279	0
1215	631.367	0
1215	632.455	0
1215	633.543	0
1215	634.631	0
1215	635.719	0
1215	636.807	0
1215	637.895	0
1215	638.983	0
1215	640.072	0
1215	641.16	0
1215	642.248	0
1215	643.336	0
1215	644.424	0
1215	645.512	0
1215	646.6	0
1215	647.688	0
1215	648.776	0
1215	649.865	0
1215	650.953	0
1215	652.041	0
1215	653.129	0
1215	654.217	0
1215	655.305	0
1215	656.393	0
1215	657.481	0
1215	658.569	0
1215	659.657	0
1215	660.746	0
1215	661.834	0
1215	662.922	0
1215	664.01	0
1215	665.098	0
1215	666.186	0
1215	667.274	0
1215	668.362	0
1215	669.45	0
1215	670.538	0
1215	671.627	0
1215	672.715	0
1215	673.803	0
1215	674.891	0
1215	675.979	0
1215	677.067	0
1215	678.155	0
1215	679.243	0
1215	680.331	0
1215	681.42	0
1215	682.508	0
1215	683.596	0
1215	684.684	0
1215	685.772	0
1215	686.86	0
1215	687.948	0
1215	689.036	0
1215	690.124	0
1215	691.212	0
1215	692.301	0
1215	693.389	0
1215	694.477	0
1215	695.565	0
1215	696.653	0
1215	697.741	0
1215	698.829	0
1215	699.917	0
1215	701.005	0
1215	702.093	0
1215	703.182	0
1215	704.27	0
1215	705.358	0
1215	706.446	0
1215	707.534	0
1215	708.622	0
1215	709.71	0
1215	710.798	0
1215	711.886	0
1215	712.975	0
1215	714.063	0
1215	715.151	0
1215	716.239	0
1215	717.327	0
1215	718.415	0
1215	719.503	0
1215	720.591	0
1215	721.679	0
1215	722.767	0
1215	723.856	0
1215	724.944	0
1215	726.032	0
1215	727.12	0
1215	728.208	0
1215	729.296	0
1215	730.384	0
1215	731.472	0
1215	732.56	0
1215	733.648	0
1215	734.737	0
1215	735.825	0
1215	736.913	0
1215	738.001	0
1215	739.089	0
1215	740.177	0
1215	741.265	0
1215	742.353	0
1215	743.441	0
1215	744.53	0
1215	745.618	0
1215	746.706	0
1215	747.794	0
1215	748.882	0
1215	749.97	0
1215	751.058	0
1215	752.146	0
1215	753.234	0
1215	754.322	0
1215	755.411	0
1215	756.499	0
1215	757.587	0
1215	758.675	0
1215	759.763	0
1215	760.851	0
1215	761.939	0
1215	763.027	0
1215	764.115	0
1215	765.204	0
1215	766.292	0
1215	767.38	0
1215	768.468	0
1215	769.556	0
1215	770.644	0
1215	771.732	0
1215	772.82	0
1215	773.908	0
1215	774.996	0
1215	776.085	0
1215	777.173	0
1215	778.261	0
1215	779.349	0
1215	780.437	0
1215	781.525	0
1215	782.613	0
1215	783.701	0
1215	784.789	0
1215	785.877	0
1215	786.966	0
1215	788.054	0
1215	789.142	0
1215	790.23	0
1215	791.318	0
1215	792.406	0
1215	793.494	0
1215	794.582	0
1215	795.67	0
1215	796.759	0
1215	797.847	0
1215	798.935	0
1215	800.023	0
1215	801.111	0
1215	802.199	0
1215	803.287	0
1215	804.375	0
1215	805.463	0
1215	806.551	0
1215	807.64	0
1215	808.728	0
1215	809.816	0
1215	810.904	0
1215	811.992	0
1215	813.08	0
1215	814.168	0
1215	815.256	0
1215	816.344	0
1215	817.432	0
1215	818.521	0
1215	819.609	0
1215	820.697	0
1215	821.785	0
1215	822.873	0
1215	823.961	0
1215	825.049	0
1215	826.137	0
1215	827.225	0
1215	828.314	0
1215	829.402	0
1215	830.49	0
1215	831.578	0
1215	832.666	0
1215	833.754	0
1215	834.842	0
1215	835.93	0
1215	837.018	0
1215	838.106	0
1215	839.195	0
1215	840.283	0
1215	841.371	0
1215	842.459	0
1215	843.547	0
1215	844.635	0
1215	845.723	0
1215	846.811	0
1215	847.899	0
1215	848.987	0
1215	850.076	0
1215	851.164	0
1215	852.252	0
1215	853.34	0
1215	854.428	0
1215	855.516	0
1215	856.604	0
1215	857.692	0
1215	858.78	0
1215	859.869	0
1215	860.957	0
1215	862.045	0
1215	863.133	0
1215	864.221	0
1215	865.309	0
1215	866.397	0
1215	867.485	0
1215	868.573	0
1215	869.661	0
1215	870.75	0
1215	871.838	0
1215	872.926	0
1215	874.014	0
1215	875.102	0
1215	876.19	0
1215	877.278	0
1215	878.366	0
1215	879.454	0
1215	880.542	0
1215	881.631	0
1215	882.719	0
1215	883.807	0
1215	884.895	0
1215	885.983	0
1215	887.071	0
1215	888.159	0
1215	889.247	0
1215	890.335	0
1215	891.424	0
1215	892.512	0
1215	893.6	0
1215	894.688	0
1215	895.776	0
1215	896.864	0
1215	897.952	0
1215	899.04	0
1215	900.128	0
1215	901.216	0
1215	902.305	0
1215	903.393	0
1215	904.481	0
1215	905.569	0
1215	906.657	0
1215	907.745	0
1215	908.833	0
1215	909.921	0
1215	911.009	0
1215	912.098	0
1215	913.186	0
1215	914.274	0
1215	915.362	0
1215	916.45	0
1215	917.538	0
1215	918.626	0
1215	919.714	0
1215	920.802	0
1215	921.89	0
1215	922.979	0
1215	924.067	0
1215	925.155	0
1215	926.243	0
1215	927.331	0
1215	928.419	0
1215	929.507	0
1215	930.595	0
1215	931.683	0
1215	932.771	0
1215	933.86	0
1215	934.948	0
1215	936.036	0
1215	937.124	0
1215	938.212	0
1215	939.3	0
1215	940.388	0
1215	941.476	0
1215	942.564	0
1215	943.653	0
1215	944.741	0
1215	945.829	0
1215	946.917	0
1215	948.005	0
1215	949.093	0
1215	950.181	0
1215	951.269	0
1215	952.357	0
1215	953.445	0
1215	954.534	0
1215	955.622	0
1215	956.71	0
1215	957.798	0
1215	958.886	0
1215	959.974	0
1215	961.062	0
1215	962.15	0
1215	963.238	0
1215	964.326	0
1215	965.415	0
1215	966.503	0
1215	967.591	0
1215	968.679	0
1215	969.767	0
1215	970.855	0
1215	971.943	0
1215	973.031	0
1215	974.119	0
1215	975.208	0
1215	976.296	0
1215	977.384	0
1215	978.472	0
1215	979.56	0
1215	980.648	0
1215	981.736	0
1215	982.824	0
1215	983.912	0
1215	985	0
1215	986.089	0
1215	987.177	0
1215	988.265	0
1215	989.353	0
1215	990.441	0
1215	991.529	0
1215	992.617	0
1215	993.705	0
1215	994.793	0
1215	995.881	0
1215	996.97	0
1215	998.058	0
1215	999.146	0
1215	1000.23	0
1215	1001.32	0
1215	1002.41	0
1215	1003.5	0
1215	1004.59	0
1215	1005.67	0
1215	1006.76	0
1215	1007.85	0
1215	1008.94	0
1215	1010.03	0
1215	1011.11	0
1215	1012.2	0
1215	1013.29	0
1215	1014.38	0
1215	1015.47	0
1215	1016.56	0
1215	1017.64	0
1215	1018.73	0
1215	1019.82	0
1215	1020.91	0
1215	1022	0
1215	1023.08	0
1215	1024.17	0
1215	1025.26	0
1215	1026.35	0
1215	1027.44	0
1215	1028.52	0
1215	1029.61	0
1215	1030.7	0
1215	1031.79	0
1215	1032.88	0
1215	1033.97	0
1215	1035.05	0
1215	1036.14	0
1215	1037.23	0
1215	1038.32	0
1215	1039.41	0
1215	1040.49	0
1215	1041.58	0
1215	1042.67	0
1215	1043.76	0
1215	1044.85	0
1215	1045.93	0
1215	1047.02	0
1215	1048.11	0
1215	1049.2	0
1215	1050.29	0
1215	1051.37	0
1215	1052.46	0
1215	1053.55	0
1215	1054.64	0
1215	1055.73	0
1215	1056.82	0
1215	1057.9	0
1215	1058.99	0
1215	1060.08	0
1215	1061.17	0
1215	1062.26	0
1215	1063.34	0
1215	1064.43	0
1215	1065.52	0
1215	1066.61	0
1215	1067.7	0
1215	1068.78	0
1215	1069.87	0
1215	1070.96	0
1215	1072.05	0
1215	1073.14	0
1215	1074.22	0
1215	1075.31	0
1215	1076.4	0
1215	1077.49	0
1215	1078.58	0
1215	1079.67	0
1215	1080.75	0
1215	1081.84	0
1215	1082.93	0
1215	1084.02	0
1215	1085.11	0
1215	1086.19	0
1215	1087.28	0
1215	1088.37	0
1215	1089.46	0
1215	1090.55	0
1215	1091.63	0
1215	1092.72	0
1215	1093.81	0
1215	1094.9	0
1215	1095.99	0
1215	1097.08	0
1215	1098.16	0
1215	1099.25	0
1215	1100.34	0
1215	1101.43	0
1215	1102.52	0
1215	1103.6	0
1215	1104.69	0
1215	1105.78	0
1215	1106.87	0
1215	1107.96	0
1215	1109.04	0
1215	1110.13	0
1215	1111.22	0
1215	1112.31	0
1215	1113.4	0
1215	1114.48	0
1215	1115.57	0
1215	1116.66	0
1215	1117.75	0
1215	1118.84	0
1215	1119.93	0
1215	1121.01	0
1215	1122.1	0
1215	1123.19	0
1215	1124.28	0
1215	1125.37	0
1215	1126.45	0
1215	1127.54	0
1215	1128.63	0
1215	1129.72	0
1215	1130.81	0
1215	1131.89	0
1215	1132.98	0
1215	1134.07	0
1215	1135.16	0
1215	1136.25	0
1215	1137.33	0
1215	1138.42	0
1215	1139.51	0
1215	1140.6	0
1215	1141.69	0
1215	1142.78	0
1215	1143.86	0
1215	1144.95	0
1215	1146.04	0
1215	1147.13	0
1215	1148.22	0
1215	1149.3	0
1215	1150.39	0
1215	1151.48	0
1215	1152.57	0
1215	1153.66	0
1215	1154.74	0
1215	1155.83	0
1215	1156.92	0
1215	1158.01	0
1215	1159.1	0
1215	1160.19	0
1215	1161.27	0
1215	1162.36	0
1215	1163.45	0
1215	1164.54	0
1215	1165.63	0
1215	1166.71	0
1215	1167.8	0
1215	1168.89	0
1215	1169.98	0
1215	1171.07	0
1215	1172.15	0
1215	1173.24	0
1215	1174.33	0
1215	1175.42	0
1215	1176.51	0
1215	1177.59	0
1215	1178.68	0
1215	1179.77	0
1215	1180.86	0
1215	1181.95	0
1215	1183.04	0
1215	1184.12	0
1215	1185.21	0
1215	1186.3	0
1215	1187.39	0
1215	1188.48	0
1215	1189.56	0
1215	1190.65	0
1215	1191.74	0
1215	1192.83	0
1215	1193.92	0
1215	1195	0
1215	1196.09	0
1215	1197.18	0
1215	1198.27	0
1215	1199.36	0
1215	1200.44	0
1215	1201.53	0
1215	1202.62	0
1215	1203.71	0
1215	1204.8	0
1215	1205.89	0
1215	1206.97	0
1215	1208.06	0
1215	1209.15	0
1215	1210.24	0
1215	1211.33	0
1215	1212.41	0
1215	1213.5	0
1215	1214.59	0
1215	1215.68	0
1215	1216.77	0
1215	1217.85	0
1215	1218.94	0
1215	1220.03	0
1215	1221.12	0
1215	1222.21	0
1215	1223.3	0
1215	1224.38	0
1215	1225.47	0
1215	1226.56	0
1215	1227.65	0
1215	1228.74	0
1215	1229.82	0
1215	1230.91	0
1215	1232	0
1215	1233.09	0
1215	1234.18	0
1215	1235.26	0
1215	1236.35	0
1215	1237.44	0
1215	1238.53	0
1215	1239.62	0
1215	1240.7	0
1215	1241.79	0
1215	1242.88	0
1215	1243.97	0
1215	1245.06	0
1215	1246.15	0
1215	1247.23	0
1215	1248.32	0
1215	1249.41	0
1215	1250.5	0
1215	1251.59	0
1215	1252.67	0
1215	1253.76	0
1215	1254.85	0
1215	1255.94	0
1215	1257.03	0
1215	1258.11	0
1215	1259.2	0
1215	1260.29	0
1215	1261.38	0
1215	1262.47	0
1215	1263.56	0
1215	1264.64	0
1215	1265.73	0
1215	1266.82	0
1215	1267.91	0
1215	1269	0
1215	1270.08	0
1215	1271.17	0
1215	1272.26	0
1215	1273.35	0
1215	1274.44	0
1215	1275.52	0
1215	1276.61	0
1215	1277.7	0
1215	1278.79	0
1215	1279.88	0
1215	1280.96	0
1215	1282.05	0
1215	1283.14	0
1215	1284.23	0
1215	1285.32	0
1215	1286.41	0
1215	1287.49	0
1215	1288.58	0
1215	1289.67	0
1215	1290.76	0
1215	1291.85	0
1215	1292.93	0
1215	1294.02	0
1215	1295.11	0
1215	1296.2	0
1215	1297.29	0
1215	1298.37	0
1215	1299.46	0
1215	1300.55	0
1215	1301.64	0
1215	1302.73	0
1215	1303.81	0
1215	1304.9	0
1215	1305.99	0
1215	1307.08	0
1215	1308.17	0
1215	1309.26	0
1215	1310.34	0
1215	1311.43	0
1215	1312.52	0
1215	1313.61	0
1215	1314.7	0
1215	1315.78	0
1215	1316.87	0
1215	1317.96	0
1215	1319.05	0
1215	1320.14	0
1215	1321.22	0
1215	1322.31	0
1215	1323.4	0
1215	1324.49	0
1215	1325.58	0
1215	1326.67	0
1215	1327.75	0
1215	1328.84	0
1215	1329.93	0
1215	1331.02	0
1215	1332.11	0
1215	1333.19	0
1215	1334.28	0
1215	1335.37	0
1215	1336.46	0
1215	1337.55	0
1215	1338.63	0
1215	1339.72	0
1215	1340.81	0
1215	1341.9	0
1215	1342.99	0
1215	1344.07	0
1215	1345.16	0
1215	1346.25	0
1215	1347.34	0
1215	1348.43	0
1215	1349.52	0
1215	1350.6	0
1215	1351.69	0
1215	1352.78	0
1215	1353.87	0
1215	1354.96	0
1215	1356.04	0
1215	1357.13	0
1215	1358.22	0
1215	1359.31	0
1215	1360.4	0
1215	1361.48	0
1215	1362.57	0
1215	1363.66	0
1215	1364.75	0
1215	1365.84	0
1215	1366.92	0
1215	1368.01	0
1215	1369.1	0
1215	1370.19	0
1215	1371.28	0
1215	1372.37	0
1215	1373.45	0
1215	1374.54	0
1215	1375.63	0
1215	1376.72	0
1215	1377.81	0
1215	1378.89	0
1215	1379.98	0
1215	1381.07	0
1215	1382.16	0
1215	1383.25	0
1215	1384.33	0
1215	1385.42	0
1215	1386.51	0
1215	1387.6	0
1215	1388.69	0
1215	1389.78	0
1215	1390.86	0
1215	1391.95	0
1215	1393.04	0
1215	1394.13	0
1215	1395.22	0
1215	1396.3	0
1215	1397.39	0
1215	1398.48	0
1215	1399.57	0
1215	1400.66	0
1215	1401.74	0
1215	1402.83	0
1215	1403.92	0
1215	1405.01	0
1215	1406.1	0
1215	1407.18	0
1215	1408.27	0
1215	1409.36	0
1215	1410.45	0
1215	1411.54	0
1215	1412.63	0
1215	1413.71	0
1215	1414.8	0
1215	1415.89	0
1215	1416.98	0
1215	1418.07	0
1215	1419.15	0
1215	1420.24	0
1215	1421.33	0
1215	1422.42	0
1215	1423.51	0
1215	1424.59	0
1215	1425.68	0
1215	1426.77	0
1215	1427.86	0
1215	1428.95	0
1215	1430.03	0
1215	1431.12	0
1215	1432.21	0
1215	1433.3	0
1215	1434.39	0
1215	1435.48	0
1215	1436.56	0
1215	1437.65	0
1215	1438.74	0
1215	1439.83	0
1215	1440.92	0
1215	1442	0
1215	1443.09	0
1215	1444.18	0
1215	1445.27	0
1215	1446.36	0
1215	1447.44	0
1215	1448.53	0
1215	1449.62	0
1215	1450.71	0
1215	1451.8	0
1215	1452.89	0
1215	1453.97	0
1215	1455.06	0
1215	1456.15	0
1215	1457.24	0
1215	1458.33	0
1215	1459.41	0
1215	1460.5	0
1215	1461.59	0
1215	1462.68	0
1215	1463.77	0
1215	1464.85	0
1215	1465.94	0
1215	1467.03	0
1215	1468.12	0
1215	1469.21	0
1215	1470.29	0
1215	1471.38	0
1215	1472.47	0
1215	1473.56	0
1215	1474.65	0
1215	1475.74	0
1215	1476.82	0
1215	1477.91	0
1215	1479	0
1215	1480.09	0
1215	1481.18	0
1215	1482.26	0
1215	1483.35	0
1215	1484.44	0
1215	1485.53	0
1215	1486.62	0
1215	1487.7	0
1215	1488.79	0
1215	1489.88	0
1215	1490.97	0
1215	1492.06	0
1215	1493.14	0
1215	1494.23	0
1215	1495.32	0
1215	1496.41	0
1215	1497.5	0
1215	1498.59	0
1215	1499.67	0
1215	1500.76	0
1215	1501.85	0
1215	1502.94	0
1215	1504.03	0
1215	1505.11	0
1215	1506.2	0
1215	1507.29	0
1215	1508.38	0
1215	1509.47	0
1215	1510.55	0
1215	1511.64	0
1215	1512.73	0
1215	1513.82	0
1215	1514.91	0
1215	1516	0
1215	1517.08	0
1215	1518.17	0
1215	1519.26	0
1215	1520.35	0
1215	1521.44	0
1215	1522.52	0
1215	1523.61	0
1215	1524.7	0
1215	1525.79	0
1215	1526.88	0
1215	1527.96	0
1215	1529.05	0
1215	1530.14	0
1215	1531.23	0
1215	1532.32	0
1215	1533.4	0
1215	1534.49	0
1215	1535.58	0
1215	1536.67	0
1215	1537.76	0
1215	1538.85	0
1215	1539.93	0
1215	1541.02	0
1215	1542.11	0
1215	1543.2	0
1215	1544.29	0
1215	1545.37	0
1215	1546.46	0
1215	1547.55	0
1215	1548.64	0
1215	1549.73	0
1215	1550.81	0
1215	1551.9	0
1215	1552.99	0
1215	1554.08	0
1215	1555.17	0
1215	1556.25	0
1215	1557.34	0
1215	1558.43	0
1215	1559.52	0
1215	1560.61	0
1215	1561.7	0
1215	1562.78	0
1215	1563.87	0
1215	1564.96	0
1215	1566.05	0
1215	1567.14	0
1215	1568.22	0
1215	1569.31	0
1215	1570.4	0
1215	1571.49	0
1215	1572.58	0
1215	1573.66	0
1215	1574.75	0
1215	1575.84	0
1215	1576.93	0
1215	1578.02	0
1215	1579.11	0
1215	1580.19	0
1215	1581.28	0
1215	1582.37	0
1215	1583.46	0
1215	1584.55	0
1215	1585.63	0
1215	1586.72	0
1215	1587.81	0
1215	1588.9	0
1215	1589.99	0
1215	1591.07	0
1215	1592.16	0
1215	1593.25	0
1215	1594.34	0
1215	1595.43	0
1215	1596.51	0
1215	1597.6	0
1215	1598.69	0
1215	1599.78	0
1215	1600.87	0
1215	1601.96	0
1215	1603.04	0
1215	1604.13	0
1215	1605.22	0
1215	1606.31	0
1215	1607.4	0
1215	1608.48	0
1215	1609.57	0
1215	1610.66	0
1215	1611.75	0
1215	1612.84	0
1215	1613.92	0
1215	1615.01	0
1215	1616.1	0
1215	1617.19	0
1215	1618.28	0
1215	1619.36	0
1215	1620.45	0
1215	1621.54	0
1215	1622.63	0
1215	1623.72	0
1215	1624.81	0
1215	1625.89	0
1215	1626.98	0
1215	1628.07	0
1215	1629.16	0
1215	1630.25	0
1215	1631.33	0
1215	1632.42	0
1215	1633.51	0
1215	1634.6	0
1215	1635.69	0
1215	1636.77	0
1215	1637.86	0
1215	1638.95	0
1215	1640.04	0
1215	1641.13	0
1215	1642.22	0
1215	1643.3	0
1215	1644.39	0
1215	1645.48	0
1215	1646.57	0
1215	1647.66	0
1215	1648.74	0
1215	1649.83	0
1215	1650.92	0
1215	1652.01	0
1215	1653.1	0
1215	1654.18	0
1215	1655.27	0
1215	1656.36	0
1215	1657.45	0
1215	1658.54	0
1215	1659.62	0
1215	1660.71	0
1215	1661.8	0
1215	1662.89	0
1215	1663.98	0
1215	1665.07	0
1215	1666.15	0
1215	1667.24	0
1215	1668.33	0
1215	1669.42	0
1215	1670.51	0
1215	1671.59	0
1215	1672.68	0
1215	1673.77	0
1215	1674.86	0
1215	1675.95	0
1215	1677.03	0
1215	1678.12	0
1215	1679.21	0
1215	1680.3	0
1215	1681.39	0
1215	1682.47	0
1215	1683.56	0
1215	1684.65	0
1215	1685.74	0
1215	1686.83	0
1215	1687.92	0
1215	1689	0
1215	1690.09	0
1215	1691.18	0
1215	1692.27	0
1215	1693.36	0
1215	1694.44	0
1215	1695.53	0
1215	1696.62	0
1215	1697.71	0
1215	1698.8	0
1215	1699.88	0
1215	1700.97	0
1215	1702.06	0
1215	1703.15	0
1215	1704.24	0
1215	1705.33	0
1215	1706.41	0
1215	1707.5	0
1215	1708.59	0
1215	1709.68	0
1215	1710.77	0
1215	1711.85	0
1215	1712.94	0
1215	1714.03	0
1215	1715.12	0
1215	1716.21	0
1215	1717.29	0
1215	1718.38	0
1215	1719.47	0
1215	1720.56	0
1215	1721.65	0
1215	1722.73	0
1215	1723.82	0
1215	1724.91	0
1215	1726	0
1215	1727.09	0
1215	1728.18	0
1215	1729.26	0
1215	1730.35	0
1215	1731.44	0
1215	1732.53	0
1215	1733.62	0
1215	1734.7	0
1215	1735.79	0
1215	1736.88	0
1215	1737.97	0
1215	1739.06	0
1215	1740.14	0
1215	1741.23	0
1215	1742.32	0
1215	1743.41	0
1215	1744.5	0
1215	1745.58	0
1215	1746.67	0
1215	1747.76	0
1215	1748.85	0
1215	1749.94	0
1215	1751.03	0
1215	1752.11	0
1215	1753.2	0
1215	1754.29	0
1215	1755.38	0
1215	1756.47	0
1215	1757.55	0
1215	1758.64	0
1215	1759.73	0
1215	1760.82	0
1215	1761.91	0
1215	1762.99	0
1215	1764.08	0
1215	1765.17	0
1215	1766.26	0
1215	1767.35	0
1215	1768.44	0
1215	1769.52	0
1215	1770.61	0
1215	1771.7	0
1215	1772.79	0
1215	1773.88	0
1215	1774.96	0
1215	1776.05	0
1215	1777.14	0
1215	1778.23	0
1215	1779.32	0
1215	1780.4	0
1215	1781.49	0
1215	1782.58	0
1215	1783.67	0
1215	1784.76	0
1215	1785.84	0
1215	1786.93	0
1215	1788.02	0
1215	1789.11	0
1215	1790.2	0
1215	1791.29	0
1215	1792.37	0
1215	1793.46	0
1215	1794.55	0
1215	1795.64	0
1215	1796.73	0
1215	1797.81	0
1215	1798.9	0
1215	1799.99	0
1215	1801.08	0
1215	1802.17	0
1215	1803.25	0
1215	1804.34	0
1215	1805.43	0
1215	1806.52	0
1215	1807.61	0
1215	1808.69	0
1215	1809.78	0
1215	1810.87	0
1215	1811.96	0
1215	1813.05	0
1215	1814.14	0
1215	1815.22	0
1215	1816.31	0
1215	1817.4	0
1215	1818.49	0
1215	1819.58	0
1215	1820.66	0
1215	1821.75	0
1215	1822.84	0
1215	1823.93	0
1215	1825.02	0
1215	1826.1	0
1215	1827.19	0
1215	1828.28	0
1215	1829.37	0
1215	1830.46	0
1215	1831.55	0
1215	1832.63	0
1215	1833.72	0
1215	1834.81	0
1215	1835.9	0
1215	1836.99	0
1215	1838.07	0
1215	1839.16	0
1215	1840.25	0
1215	1841.34	0
1215	1842.43	0
1215	1843.51	0
1215	1844.6	0
1215	1845.69	0
1215	1846.78	0
1215	1847.87	0
1215	1848.95	0
1215	1850.04	0
1215	1851.13	0
1215	1852.22	0
1215	1853.31	0
1215	1854.4	0
1215	1855.48	0
1215	1856.57	0
1215	1857.66	0
1215	1858.75	0
1215	1859.84	0
1215	1860.92	0
1215	1862.01	0
1215	1863.1	0
1215	1864.19	0
1215	1865.28	0
1215	1866.36	0
1215	1867.45	0
1215	1868.54	0
1215	1869.63	0
1215	1870.72	0
1215	1871.8	0
1215	1872.89	0
1215	1873.98	0
1215	1875.07	0
1215	1876.16	0
1215	1877.25	0
1215	1878.33	0
1215	1879.42	0
1215	1880.51	0
1215	1881.6	0
1215	1882.69	0
1215	1883.77	0
1215	1884.86	0
1215	1885.95	0
1215	1887.04	0
1215	1888.13	0
1215	1889.21	0
1215	1890.3	0
1215	1891.39	0
1215	1892.48	0
1215	1893.57	0
1215	1894.66	0
1215	1895.74	0
1215	1896.83	0
1215	1897.92	0
1215	1899.01	0
1215	1900.1	0
1215	1901.18	0
1215	1902.27	0
1215	1903.36	0
1215	1904.45	0
1215	1905.54	0
1215	1906.62	0
1215	1907.71	0
1215	1908.8	0
1215	1909.89	0
1215	1910.98	0
1215	1912.06	0
1215	1913.15	0
1215	1914.24	0
1215	1915.33	0
1215	1916.42	0
1215	1917.51	0
1215	1918.59	0
1215	1919.68	0
1215	1920.77	0
1215	1921.86	0
1215	1922.95	0
1215	1924.03	0
1215	1925.12	0
1215	1926.21	0
1215	1927.3	0
1215	1928.39	0
1215	1929.47	0
1215	1930.56	0
1215	1931.65	0
1215	1932.74	0
1215	1933.83	0
1215	1934.91	0
1215	1936	0
1215	1937.09	0
1215	1938.18	0
1215	1939.27	0
1215	1940.36	0
1215	1941.44	0
1215	1942.53	0
1215	1943.62	0
1215	1944.71	0
1215	1945.8	0
1215	1946.88	0
1215	1947.97	0
1215	1949.06	0
1215	1950.15	0
1215	1951.24	0
1215	1952.32	0
1215	1953.41	0
1215	1954.5	0
1215	1955.59	0
1215	1956.68	0
1215	1957.75	0
1215	1958.81	0
1215	1959.86	0
1215	1960.89	0
1215	1961.91	0
1215	1962.92	0
1215	1963.91	0
1215	1964.89	0
1215	1965.86	0
1215	1966.81	0
1215	1967.75	0
1215	1968.67	0
1215	1969.58	0
1215	1970.48	0
1215	1971.37	0
1215	1972.24	0
1215	1973.09	0
1215	1973.94	0
1215	1974.77	0
1215	1975.58	0
1215	1976.39	0
1215	1977.17	0
1215	1977.95	0
1215	1978.71	0
1215	1979.46	0
1215	1980.19	0
1215	1980.91	0
1215	1981.62	0
1215	1982.32	0
1215	1983	0
1215	1983.66	0
1215	1984.31	0
1215	1984.95	0
1215	1985.58	0
1215	1986.19	0
1215	1986.79	0
1215	1987.38	0
1215	1987.95	0
1215	1988.5	0
1215	1989.05	0
1215	1989.58	0
1215	1990.1	0
1215	1990.6	0
1215	1991.09	0
1215	1991.56	0
1215	1992.03	0
1215	1992.48	0
1215	1992.91	0
1215	1993.33	0
1215	1993.74	0
1215	1994.14	0
1215	1994.52	0
1215	1994.88	0
1215	1995.24	0
1215	1995.58	0
1215	1995.9	0
1215	1996.22	0
1215	1996.52	0
1215	1996.8	0
1215	1997.07	0
1215	1997.33	0
1215	1997.58	0
1215	1997.81	0
1215	1998.03	0
1215	1998.23	0
1215	1998.42	0
1215	1998.6	0
1215	1998.76	0
1215	1998.91	0
1215	1999.05	0
1215	1999.17	0
1215	1999.28	0
1215	1999.37	0
1215	1999.45	0
1215	1999.52	0
1215	1999.58	0
1215	1999.62	0
1215	1999.64	0
1215	1999.66	0
1215	1999.66	0
1215	1999.64	0
1215	1999.64	-0.000310887
1215	1999.64	-0.000777217
1215	1999.64	-0.00139899
1215	1999.64	-0.00217621
1215	1999.64	-0.00310887
1215	1999.64	-0.00419697
1215	1999.64	-0.00544052
1215	1999.64	-0.00683951
1215	1999.64	-0.00839394
1215	1999.64	-0.0101038
1215	1999.64	-0.0119691
1215	1999.64	-0.0139899
1215	1999.64	-0.0161661
1215	1999.64	-0.0184978
1215	1999.64	-0.0209849
1215	1999.64	-0.0236274
1215	1999.64	-0.0264254
1215	1999.64	-0.0293788
1215	1999.64	-0.0324877
1215	1999.64	-0.035752
1215	1999.64	-0.0391717
1215	1999.64	-0.0427469
1215	1999.64	-0.0464776
1215	1999.64	-0.0503637
1215	1999.64	-0.0544052
1215	1999.64	-0.0586022
1215	1999.64	-0.0629546
1215	1999.64	-0.0674624
1215	1999.64	-0.0721257
1215	1999.64	-0.0769445
1215	1999.64	-0.0819187
1215	1999.64	-0.0870483
1215	1999.64	-0.0923334
1215	1999.64	-0.0977739
1215	1999.64	-0.10337
1215	1999.64	-0.109121
1215	1999.64	-0.115028
1215	1999.64	-0.12109
1215	1999.64	-0.127308
1215	1999.64	-0.133681
1215	1999.64	-0.14021
1215	1999.64	-0.146894
1215	1999.64	-0.153734
1215	1999.64	-0.160728
1215	1999.64	-0.167879
1215	1999.64	-0.175185
1215	1999.64	-0.182646
1215	1999.64	-0.190263
1215	1999.64	-0.198035
1215	1999.64	-0.205962
1215	1999.64	-0.214046
1215	1999.64	-0.222284
1215	1999.64	-0.230678
1215	1999.64	-0.239227
1215	1999.64	-0.247932
1215	1999.64	-0.256792
1215	1999.64	-0.265808
1215	1999.64	-0.274979
1215	1999.64	-0.284306
1215	1999.64	-0.293788
1215	1999.64	-0.303425
1215	1999.64	-0.313218
1215	1999.64	-0.323167
1215	1999.64	-0.333271
1215	1999.64	-0.34353
1215	1999.64	-0.353945
1215	1999.64	-0.364515
1215	1999.64	-0.37524
1215	1999.64	-0.386121
1215	1999.64	-0.397158
1215	1999.64	-0.40835
1215	1999.64	-0.419697
1215	1999.64	-0.4312
1215	1999.64	-0.442858
1215	1999.64	-0.454672
1215	1999.64	-0.466641
1215	1999.64	-0.478766
1215	1999.64	-0.491046
1215	1999.64	-0.503481
1215	1999.64	-0.515917
1215	1999.64	-0.528352
1215	1999.64	-0.540788
1215	1999.64	-0.553223
1215	1999.64	-0.565658
1215	1999.64	-0.578094
1215	1999.64	-0.590529
1215	1999.64	-0.602965
1215	1999.64	-0.6154
1215	1999.64	-0.627836
1215	1999.64	-0.640271
1215	1999.64	-0.652707
1215	1999.64	-0.665142
1215	1999.64	-0.677578
1215	1999.64	-0.690013
1215	1999.64	-0.702449
1215	1999.64	-0.714884
1215	1999.64	-0.72732
1215	1999.64	-0.739755
1215	1999.64	-0.752191
1215	1999.64	-0.764626
1215	1999.64	-0.777061
1215	1999.64	-0.789497
1215	1999.64	-0.801932
1215	1999.64	-0.814368
1215	1999.64	-0.826803
1215	1999.64	-0.839239
1215	1999.64	-0.851674
1215	1999.64	-0.86411
1215	1999.64	-0.876545
1215	1999.64	-0.888981
1215	1999.64	-0.901416
1215	1999.64	-0.913852
1215	1999.64	-0.926287
1215	1999.64	-0.938723
1215	1999.64	-0.951158
1215	1999.64	-0.963594
1215	1999.64	-0.976029
1215	1999.64	-0.988464
1215	1999.64	-1.0009
1215	1999.64	-1.01334
1215	1999.64	-1.02577
1215	1999.64	-1.03821
1215	1999.64	-1.05064
1215	1999.64	-1.06308
1215	1999.64	-1.07551
1215	1999.64	-1.08779
1215	1999.64	-1.09992
1215	1999.64	-1.11189
1215	1999.64	-1.1237
1215	1999.64	-1.13536
1215	1999.64	-1.14686
1215	1999.64	-1.15821
1215	1999.64	-1.1694
1215	1999.64	-1.18044
1215	1999.64	-1.19132
1215	1999.64	-1.20204
1215	1999.64	-1.21261
1215	1999.64	-1.22303
1215	1999.64	-1.23329
1215	1999.64	-1.24339
1215	1999.64	-1.25334
1215	1999.64	-1.26313
1215	1999.64	-1.27277
1215	1999.64	-1.28225
1215	1999.64	-1.29158
1215	1999.64	-1.30075
1215	1999.64	-1.30977
1215	1999.64	-1.31863
1215	1999.64	-1.32733
1215	1999.64	-1.33588
1215	1999.64	-1.34427
1215	1999.64	-1.35251
1215	1999.64	-1.3606
1215	1999.64	-1.36852
1215	1999.64	-1.3763
1215	1999.64	-1.38391
1215	1999.64	-1.39137
1215	1999.64	-1.39868
1215	1999.64	-1.40583
1215	1999.64	-1.41282
1215	1999.64	-1.41966
1215	1999.64	-1.42635
1215	1999.64	-1.43288
1215	1999.64	-1.43925
1215	1999.64	-1.44547
1215	1999.64	-1.45153
1215	1999.64	-1.45744
1215	1999.64	-1.46319
1215	1999.64	-1.46878
1215	1999.64	-1.47423
1215	1999.64	-1.47951
1215	1999.64	-1.48464
1215	1999.64	-1.48961
1215	1999.64	-1.49443
1215	1999.64	-1.4991
1215	1999.64	-1.5036
1215	1999.64	-1.50796
1215	1999.64	-1.51215
1215	1999.64	-1.51619
1215	1999.64	-1.52008
1215	1999.64	-1.52381
1215	1999.64	-1.52739
1215	1999.64	-1.53081
1215	1999.64	-1.53407
1215	1999.64	-1.53718
1215	1999.64	-1.54013
1215	1999.64	-1.54293
1215	1999.64	-1.54557
1215	1999.64	-1.54806
1215	1999.64	-1.55039
1215	1999.64	-1.55257
1215	1999.64	-1.55459
1215	1999.64	-1.55645
1215	1999.64	-1.55816
1215	1999.64	-1.55972
1215	1999.64	-1.56112
1215	1999.64	-1.56236
1215	1999.64	-1.56345
1215	1999.64	-1.56438
1215	1999.64	-1.56516
1215	1999.64	-1.56578
1215	1999.64	-1.56625
1215	1999.64	-1.56656
1215	1999.64	-1.56671
1215	1999.64	-1.56671
1215	1999.64	-1.56656
1214.97	1999.64	-1.56656
1214.93	1999.64	-1.56656
1214.88	1999.64	-1.56656
1214.81	1999.64	-1.56656
1214.73	1999.64	-1.56656
1214.63	1999.65	-1.56656
1214.52	1999.65	-1.56656
1214.4	1999.65	-1.56656
1214.27	1999.65	-1.56656
1214.12	1999.65	-1.56656
1213.95	1999.65	-1.56656
1213.78	1999.65	-1.56656
1213.59	1999.65	-1.56656
1213.38	1999.65	-1.56656
1213.16	1999.65	-1.56656
1212.93	1999.65	-1.56656
1212.69	1999.65	-1.56656
1212.43	1999.65	-1.56656
1212.16	1999.66	-1.56656
1211.87	1999.66	-1.56656
1211.57	1999.66	-1.56656
1211.26	1999.66	-1.56656
1210.93	1999.66	-1.56656
1210.59	1999.66	-1.56656
1210.24	1999.66	-1.56656
1209.87	1999.67	-1.56656
1209.49	1999.67	-1.56656
1209.1	1999.67	-1.56656
1208.69	1999.67	-1.56656
1208.27	1999.67	-1.56656
1207.83	1999.67	-1.56656
1207.38	1999.68	-1.56656
1206.92	1999.68	-1.56656
1206.44	1999.68	-1.56656
1205.96	1999.68	-1.56656
1205.45	1999.68	-1.56656
1204.94	1999.69	-1.56656
1204.4	1999.69	-1.56656
1203.86	1999.69	-1.56656
1203.3	1999.69	-1.56656
1202.73	1999.7	-1.56656
1202.15	1999.7	-1.56656
1201.55	1999.7	-1.56656
1200.94	1999.7	-1.56656
1200.31	1999.71	-1.56656
1199.67	1999.71	-1.56656
1199.02	1999.71	-1.56656
1198.35	1999.71	-1.56656
1197.67	1999.72	-1.56656
1196.98	1999.72	-1.56656
1196.27	1999.72	-1.56656
1195.55	1999.73	-1.56656
1194.82	1999.73	-1.56656
1194.07	1999.73	-1.56656
1193.31	1999.74	-1.56656
1192.53	1999.74	-1.56656
1191.74	1999.74	-1.56656
1190.94	1999.75	-1.56656
1190.12	1999.75	-1.56656
1189.29	1999.75	-1.56656
1188.45	1999.76	-1.56656
1187.59	1999.76	-1.56656
1186.72	1999.76	-1.56656
1185.84	1999.77	-1.56656
1184.94	1999.77	-1.56656
1184.03	1999.77	-1.56656
1183.11	1999.78	-1.56656
1182.17	1999.78	-1.56656
1181.21	1999.79	-1.56656
1180.25	1999.79	-1.56656
1179.27	1999.79	-1.56656
1178.28	1999.8	-1.56656
1177.27	1999.8	-1.56656
1176.25	1999.81	-1.56656
1175.22	1999.81	-1.56656
1174.17	1999.82	-1.56656
1173.11	1999.82	-1.56656
1172.03	1999.83	-1.56656
1170.95	1999.83	-1.56656
1169.86	1999.83	-1.56656
1168.77	1999.84	-1.56656
1167.68	1999.84	-1.56656
1166.59	1999.85	-1.56656
1165.51	1999.85	-1.56656
1164.42	1999.86	-1.56656
1163.33	1999.86	-1.56656
1162.24	1999.87	-1.56656
1161.15	1999.87	-1.56656
1160.06	1999.88	-1.56656
1158.98	1999.88	-1.56656
1157.89	1999.89	-1.56656
1156.8	1999.89	-1.56656
1155.71	1999.89	-1.56656
1154.62	1999.9	-1.56656
1153.54	1999.9	-1.56656
1152.45	1999.91	-1.56656
1151.36	1999.91	-1.56656
1150.27	1999.92	-1.56656
1149.18	1999.92	-1.56656
1148.1	1999.93	-1.56656
1147.01	1999.93	-1.56656
1145.92	1999.94	-1.56656
1144.83	1999.94	-1.56656
1143.74	1999.95	-1.56656
1142.66	1999.95	-1.56656
1141.57	1999.95	-1.56656
1140.48	1999.96	-1.56656
1139.39	1999.96	-1.56656
1138.3	1999.97	-1.56656
1137.21	1999.97	-1.56656
1136.13	1999.98	-1.56656
1135.04	1999.98	-1.56656
1133.95	1999.99	-1.56656
1132.86	1999.99	-1.56656
1131.77	2000	-1.56656
1130.69	2000	-1.56656
1129.6	2000.01	-1.56656
1128.51	2000.01	-1.56656
1127.42	2000.01	-1.56656
1126.33	2000.02	-1.56656
1125.25	2000.02	-1.56656
1124.16	2000.03	-1.56656
1123.07	2000.03	-1.56656
1121.98	2000.04	-1.56656
1120.89	2000.04	-1.56656
1119.81	2000.05	-1.56656
1118.72	2000.05	-1.56656
1117.63	2000.06	-1.56656
1116.54	2000.06	-1.56656
1115.45	2000.07	-1.56656
1114.36	2000.07	-1.56656
1113.28	2000.07	-1.56656
1112.19	2000.08	-1.56656
1111.1	2000.08	-1.56656
1110.01	2000.09	-1.56656
1108.92	2000.09	-1.56656
1107.84	2000.1	-1.56656
1106.75	2000.1	-1.56656
1105.66	2000.11	-1.56656
1104.57	2000.11	-1.56656
1103.48	2000.12	-1.56656
1102.4	2000.12	-1.56656
1101.31	2000.13	-1.56656
1100.22	2000.13	-1.56656
1099.13	2000.13	-1.56656
1098.04	2000.14	-1.56656
1096.96	2000.14	-1.56656
1095.87	2000.15	-1.56656
1094.78	2000.15	-1.56656
1093.69	2000.16	-1.56656
1092.6	2000.16	-1.56656
1091.51	2000.17	-1.56656
1090.43	2000.17	-1.56656
1089.34	2000.18	-1.56656
1088.25	2000.18	-1.56656
1087.16	2000.19	-1.56656
1086.07	2000.19	-1.56656
1084.99	2000.19	-1.56656
1083.9	2000.2	-1.56656
1082.81	2000.2	-1.56656
1081.72	2000.21	-1.56656
1080.63	2000.21	-1.56656
1079.55	2000.22	-1.56656
1078.46	2000.22	-1.56656
1077.37	2000.23	-1.56656
1076.28	2000.23	-1.56656
1075.19	2000.24	-1.56656
1074.11	2000.24	-1.56656
1073.02	2000.25	-1.56656
1071.93	2000.25	-1.56656
1070.84	2000.25	-1.56656
1069.75	2000.26	-1.56656
1068.66	2000.26	-1.56656
1067.58	2000.27	-1.56656
1066.49	2000.27	-1.56656
1065.4	2000.28	-1.56656
1064.31	2000.28	-1.56656
1063.22	2000.29	-1.56656
1062.14	2000.29	-1.56656
1061.05	2000.3	-1.56656
1059.96	2000.3	-1.56656
1058.87	2000.31	-1.56656
1057.78	2000.31	-1.56656
1056.7	2000.31	-1.56656
1055.61	2000.32	-1.56656
1054.52	2000.32	-1.56656
1053.43	2000.33	-1.56656
1052.34	2000.33	-1.56656
1051.26	2000.34	-1.56656
1050.17	2000.34	-1.56656
1049.08	2000.35	-1.56656
1047.99	2000.35	-1.56656
1046.9	2000.36	-1.56656
1045.81	2000.36	-1.56656
1044.73	2000.37	-1.56656
1043.64	2000.37	-1.56656
1042.55	2000.37	-1.56656
1041.46	2000.38	-1.56656
1040.37	2000.38	-1.56656
1039.29	2000.39	-1.56656
1038.2	2000.39	-1.56656
1037.11	2000.4	-1.56656
1036.02	2000.4	-1.56656
1034.93	2000.41	-1.56656
1033.85	2000.41	-1.56656
1032.76	2000.42	-1.56656
1031.67	2000.42	-1.56656
1030.58	2000.43	-1.56656
1029.49	2000.43	-1.56656
1028.41	2000.43	-1.56656
1027.32	2000.44	-1.56656
1026.23	2000.44	-1.56656
1025.14	2000.45	-1.56656
1024.05	2000.45	-1.56656
1022.97	2000.46	-1.56656
1021.88	2000.46	-1.56656
1020.79	2000.47	-1.56656
1019.7	2000.47	-1.56656
1018.61	2000.48	-1.56656
1017.52	2000.48	-1.56656
1016.44	2000.49	-1.56656
1015.35	2000.49	-1.56656
1014.26	2000.49	-1.56656
1013.17	2000.5	-1.56656
1012.08	2000.5	-1.56656
1011	2000.51	-1.56656
1009.91	2000.51	-1.56656
1008.82	2000.52	-1.56656
1007.73	2000.52	-1.56656
1006.64	2000.53	-1.56656
1005.56	2000.53	-1.56656
1004.47	2000.54	-1.56656
1003.38	2000.54	-1.56656
1002.29	2000.54	-1.56656
1001.2	2000.55	-1.56656
1000.12	2000.55	-1.56656
999.027	2000.56	-1.56656
997.939	2000.56	-1.56656
996.851	2000.57	-1.56656
995.763	2000.57	-1.56656
994.675	2000.58	-1.56656
993.586	2000.58	-1.56656
992.498	2000.59	-1.56656
991.41	2000.59	-1.56656
990.322	2000.6	-1.56656
989.234	2000.6	-1.56656
988.146	2000.6	-1.56656
987.058	2000.61	-1.56656
985.97	2000.61	-1.56656
984.882	2000.62	-1.56656
983.794	2000.62	-1.56656
982.706	2000.63	-1.56656
981.617	2000.63	-1.56656
980.529	2000.64	-1.56656
979.441	2000.64	-1.56656
978.353	2000.65	-1.56656
977.265	2000.65	-1.56656
976.177	2000.66	-1.56656
975.089	2000.66	-1.56656
974.001	2000.66	-1.56656
972.913	2000.67	-1.56656
971.825	2000.67	-1.56656
970.737	2000.68	-1.56656
969.648	2000.68	-1.56656
968.56	2000.69	-1.56656
967.472	2000.69	-1.56656
966.384	2000.7	-1.56656
965.296	2000.7	-1.56656
964.208	2000.71	-1.56656
963.12	2000.71	-1.56656
962.032	2000.72	-1.56656
960.944	2000.72	-1.56656
959.856	2000.72	-1.56656
958.767	2000.73	-1.56656
957.679	2000.73	-1.56656
956.591	2000.74	-1.56656
955.503	2000.74	-1.56656
954.415	2000.75	-1.56656
953.327	2000.75	-1.56656
952.239	2000.76	-1.56656
951.151	2000.76	-1.56656
950.063	2000.77	-1.56656
948.975	2000.77	-1.56656
947.887	2000.78	-1.56656
946.798	2000.78	-1.56656
945.71	2000.78	-1.56656
944.622	2000.79	-1.56656
943.534	2000.79	-1.56656
942.446	2000.8	-1.56656
941.358	2000.8	-1.56656
940.27	2000.81	-1.56656
939.182	2000.81	-1.56656
938.094	2000.82	-1.56656
937.006	2000.82	-1.56656
935.918	2000.83	-1.56656
934.829	2000.83	-1.56656
933.741	2000.84	-1.56656
932.653	2000.84	-1.56656
931.565	2000.84	-1.56656
930.477	2000.85	-1.56656
929.389	2000.85	-1.56656
928.301	2000.86	-1.56656
927.213	2000.86	-1.56656
926.125	2000.87	-1.56656
925.037	2000.87	-1.56656
923.948	2000.88	-1.56656
922.86	2000.88	-1.56656
921.772	2000.89	-1.56656
920.684	2000.89	-1.56656
919.596	2000.9	-1.56656
918.508	2000.9	-1.56656
917.42	2000.9	-1.56656
916.332	2000.91	-1.56656
915.244	2000.91	-1.56656
914.156	2000.92	-1.56656
913.068	2000.92	-1.56656
911.979	2000.93	-1.56656
910.891	2000.93	-1.56656
909.803	2000.94	-1.56656
908.715	2000.94	-1.56656
907.627	2000.95	-1.56656
906.539	2000.95	-1.56656
905.451	2000.96	-1.56656
904.363	2000.96	-1.56656
903.275	2000.96	-1.56656
902.187	2000.97	-1.56656
901.099	2000.97	-1.56656
900.01	2000.98	-1.56656
898.922	2000.98	-1.56656
897.834	2000.99	-1.56656
896.746	2000.99	-1.56656
895.658	2001	-1.56656
894.57	2001	-1.56656
893.482	2001.01	-1.56656
892.394	2001.01	-1.56656
891.306	2001.02	-1.56656
890.218	2001.02	-1.56656
889.129	2001.02	-1.56656
888.041	2001.03	-1.56656
886.953	2001.03	-1.56656
885.865	2001.04	-1.56656
884.777	2001.04	-1.56656
883.689	2001.05	-1.56656
882.601	2001.05	-1.56656
881.513	2001.06	-1.56656
880.425	2001.06	-1.56656
879.337	2001.07	-1.56656
878.249	2001.07	-1.56656
877.16	2001.08	-1.56656
876.072	2001.08	-1.56656
874.984	2001.08	-1.56656
873.896	2001.09	-1.56656
872.808	2001.09	-1.56656
871.72	2001.1	-1.56656
870.632	2001.1	-1.56656
869.544	2001.11	-1.56656
868.456	2001.11	-1.56656
867.368	2001.12	-1.56656
866.279	2001.12	-1.56656
865.191	2001.13	-1.56656
864.103	2001.13	-1.56656
863.015	2001.14	-1.56656
861.927	2001.14	-1.56656
860.839	2001.14	-1.56656
859.751	2001.15	-1.56656
858.663	2001.15	-1.56656
857.575	2001.16	-1.56656
856.487	2001.16	-1.56656
855.399	2001.17	-1.56656
854.31	2001.17	-1.56656
853.222	2001.18	-1.56656
852.134	2001.18	-1.56656
851.046	2001.19	-1.56656
849.958	2001.19	-1.56656
848.87	2001.2	-1.56656
847.782	2001.2	-1.56656
846.694	2001.2	-1.56656
845.606	2001.21	-1.56656
844.518	2001.21	-1.56656
843.43	2001.22	-1.56656
842.341	2001.22	-1.56656
841.253	2001.23	-1.56656
840.165	2001.23	-1.56656
839.077	2001.24	-1.56656
837.989	2001.24	-1.56656
836.901	2001.25	-1.56656
835.813	2001.25	-1.56656
834.725	2001.26	-1.56656
833.637	2001.26	-1.56656
832.549	2001.26	-1.56656
831.46	2001.27	-1.56656
830.372	2001.27	-1.56656
829.284	2001.28	-1.56656
828.196	2001.28	-1.56656
827.108	2001.29	-1.56656
826.02	2001.29	-1.56656
824.932	2001.3	-1.56656
823.844	2001.3	-1.56656
822.756	2001.31	-1.56656
821.668	2001.31	-1.56656
820.58	2001.32	-1.56656
819.491	2001.32	-1.56656
818.403	2001.32	-1.56656
817.315	2001.33	-1.56656
816.227	2001.33	-1.56656
815.139	2001.34	-1.56656
814.051	2001.34	-1.56656
812.963	2001.35	-1.56656
811.875	2001.35	-1.56656
810.787	2001.36	-1.56656
809.699	2001.36	-1.56656
808.611	2001.37	-1.56656
807.522	2001.37	-1.56656
806.434	2001.38	-1.56656
805.346	2001.38	-1.56656
804.258	2001.38	-1.56656
803.17	2001.39	-1.56656
802.082	2001.39	-1.56656
800.994	2001.4	-1.56656
799.906	2001.4	-1.56656
798.818	2001.41	-1.56656
797.73	2001.41	-1.56656
796.641	2001.42	-1.56656
795.553	2001.42	-1.56656
794.465	2001.43	-1.56656
793.377	2001.43	-1.56656
792.289	2001.43	-1.56656
791.201	2001.44	-1.56656
790.113	2001.44	-1.56656
789.025	2001.45	-1.56656
787.937	2001.45	-1.56656
786.849	2001.46	-1.56656
785.761	2001.46	-1.56656
784.672	2001.47	-1.56656
783.584	2001.47	-1.56656
782.496	2001.48	-1.56656
781.408	2001.48	-1.56656
780.32	2001.49	-1.56656
779.232	2001.49	-1.56656
778.144	2001.49	-1.56656
777.056	2001.5	-1.56656
775.968	2001.5	-1.56656
774.88	2001.51	-1.56656
773.792	2001.51	-1.56656
772.703	2001.52	-1.56656
771.615	2001.52	-1.56656
770.527	2001.53	-1.56656
769.439	2001.53	-1.56656
768.351	2001.54	-1.56656
767.263	2001.54	-1.56656
766.175	2001.55	-1.56656
765.087	2001.55	-1.56656
763.999	2001.55	-1.56656
762.911	2001.56	-1.56656
761.822	2001.56	-1.56656
760.734	2001.57	-1.56656
759.646	2001.57	-1.56656
758.558	2001.58	-1.56656
757.47	2001.58	-1.56656
756.382	2001.59	-1.56656
755.294	2001.59	-1.56656
754.206	2001.6	-1.56656
753.118	2001.6	-1.56656
752.03	2001.61	-1.56656
750.942	2001.61	-1.56656
749.853	2001.61	-1.56656
748.765	2001.62	-1.56656
747.677	2001.62	-1.56656
746.589	2001.63	-1.56656
745.501	2001.63	-1.56656
744.413	2001.64	-1.56656
743.325	2001.64	-1.56656
742.237	2001.65	-1.56656
741.149	2001.65	-1.56656
740.061	2001.66	-1.56656
738.973	2001.66	-1.56656
737.884	2001.67	-1.56656
736.796	2001.67	-1.56656
735.708	2001.67	-1.56656
734.62	2001.68	-1.56656
733.532	2001.68	-1.56656
732.444	2001.69	-1.56656
731.356	2001.69	-1.56656
730.268	2001.7	-1.56656
729.18	2001.7	-1.56656
728.092	2001.71	-1.56656
727.003	2001.71	-1.56656
725.915	2001.72	-1.56656
724.827	2001.72	-1.56656
723.739	2001.73	-1.56656
722.651	2001.73	-1.56656
721.563	2001.73	-1.56656
720.475	2001.74	-1.56656
719.387	2001.74	-1.56656
718.299	2001.75	-1.56656
717.211	2001.75	-1.56656
716.123	2001.76	-1.56656
715.034	2001.76	-1.56656
713.946	2001.77	-1.56656
712.858	2001.77	-1.56656
711.77	2001.78	-1.56656
710.682	2001.78	-1.56656
709.594	2001.79	-1.56656
708.506	2001.79	-1.56656
707.418	2001.79	-1.56656
706.33	2001.8	-1.56656
705.242	2001.8	-1.56656
704.153	2001.81	-1.56656
703.065	2001.81	-1.56656
701.977	2001.82	-1.56656
700.889	2001.82	-1.56656
699.801	2001.83	-1.56656
698.713	2001.83	-1.56656
697.625	2001.84	-1.56656
696.537	2001.84	-1.56656
695.449	2001.85	-1.56656
694.361	2001.85	-1.56656
693.273	2001.85	-1.56656
692.184	2001.86	-1.56656
691.096	2001.86	-1.56656
690.008	2001.87	-1.56656
688.92	2001.87	-1.56656
687.832	2001.88	-1.56656
686.744	2001.88	-1.56656
685.656	2001.89	-1.56656
684.568	2001.89	-1.56656
683.48	2001.9	-1.56656
682.392	2001.9	-1.56656
681.304	2001.91	-1.56656
680.215	2001.91	-1.56656
679.127	2001.91	-1.56656
678.039	2001.92	-1.56656
676.951	2001.92	-1.56656
675.863	2001.93	-1.56656
674.775	2001.93	-1.56656
673.687	2001.94	-1.56656
672.599	2001.94	-1.56656
671.511	2001.95	-1.56656
670.423	2001.95	-1.56656
669.334	2001.96	-1.56656
668.246	2001.96	-1.56656
667.158	2001.97	-1.56656
666.07	2001.97	-1.56656
664.982	2001.97	-1.56656
663.894	2001.98	-1.56656
662.806	2001.98	-1.56656
661.718	2001.99	-1.56656
660.63	2001.99	-1.56656
659.542	2002	-1.56656
658.454	2002	-1.56656
657.365	2002.01	-1.56656
656.277	2002.01	-1.56656
655.189	2002.02	-1.56656
654.101	2002.02	-1.56656
653.013	2002.03	-1.56656
651.925	2002.03	-1.56656
650.837	2002.03	-1.56656
649.749	2002.04	-1.56656
648.661	2002.04	-1.56656
647.573	2002.05	-1.56656
646.485	2002.05	-1.56656
645.396	2002.06	-1.56656
644.308	2002.06	-1.56656
643.22	2002.07	-1.56656
642.132	2002.07	-1.56656
641.044	2002.08	-1.56656
639.956	2002.08	-1.56656
638.868	2002.09	-1.56656
637.78	2002.09	-1.56656
636.692	2002.09	-1.56656
635.604	2002.1	-1.56656
634.515	2002.1	-1.56656
633.427	2002.11	-1.56656
632.339	2002.11	-1.56656
631.251	2002.12	-1.56656
630.163	2002.12	-1.56656
629.075	2002.13	-1.56656
627.987	2002.13	-1.56656
626.899	2002.14	-1.56656
625.811	2002.14	-1.56656
624.723	2002.15	-1.56656
623.635	2002.15	-1.56656
622.546	2002.15	-1.56656
621.458	2002.16	-1.56656
620.37	2002.16	-1.56656
619.282	2002.17	-1.56656
618.194	2002.17	-1.56656
617.106	2002.18	-1.56656
616.018	2002.18	-1.56656
614.93	2002.19	-1.56656
613.842	2002.19	-1.56656
612.754	2002.2	-1.56656
611.666	2002.2	-1.56656
610.577	2002.21	-1.56656
609.489	2002.21	-1.56656
608.401	2002.21	-1.56656
607.313	2002.22	-1.56656
606.225	2002.22	-1.56656
605.137	2002.23	-1.56656
604.049	2002.23	-1.56656
602.961	2002.24	-1.56656
601.873	2002.24	-1.56656
600.785	2002.25	-1.56656
599.696	2002.25	-1.56656
598.608	2002.26	-1.56656
597.52	2002.26	-1.56656
596.432	2002.26	-1.56656
595.344	2002.27	-1.56656
594.256	2002.27	-1.56656
593.168	2002.28	-1.56656
592.08	2002.28	-1.56656
590.992	2002.29	-1.56656
589.904	2002.29	-1.56656
588.816	2002.3	-1.56656
587.727	2002.3	-1.56656
586.639	2002.31	-1.56656
585.551	2002.31	-1.56656
584.463	2002.32	-1.56656
583.375	2002.32	-1.56656
582.287	2002.32	-1.56656
581.199	2002.33	-1.56656
580.111	2002.33	-1.56656
579.023	2002.34	-1.56656
577.935	2002.34	-1.56656
576.847	2002.35	-1.56656
575.758	2002.35	-1.56656
574.67	2002.36	-1.56656
573.582	2002.36	-1.56656
572.494	2002.37	-1.56656
571.406	2002.37	-1.56656
570.318	2002.38	-1.56656
569.23	2002.38	-1.56656
568.142	2002.38	-1.56656
567.054	2002.39	-1.56656
565.966	2002.39	-1.56656
564.877	2002.4	-1.56656
563.789	2002.4	-1.56656
562.701	2002.41	-1.56656
561.613	2002.41	-1.56656
560.525	2002.42	-1.56656
559.437	2002.42	-1.56656
558.349	2002.43	-1.56656
557.261	2002.43	-1.56656
556.173	2002.44	-1.56656
555.085	2002.44	-1.56656
553.997	2002.44	-1.56656
552.908	2002.45	-1.56656
551.82	2002.45	-1.56656
550.732	2002.46	-1.56656
549.644	2002.46	-1.56656
548.556	2002.47	-1.56656
547.468	2002.47	-1.56656
546.38	2002.48	-1.56656
545.292	2002.48	-1.56656
544.204	2002.49	-1.56656
543.116	2002.49	-1.56656
542.041	2002.5	-1.56656
540.98	2002.5	-1.56656
539.933	2002.5	-1.56656
538.899	2002.51	-1.56656
537.879	2002.51	-1.56656
536.873	2002.52	-1.56656
535.88	2002.52	-1.56656
534.9	2002.53	-1.56656
533.935	2002.53	-1.56656
532.983	2002.53	-1.56656
532.044	2002.54	-1.56656
531.119	2002.54	-1.56656
530.208	2002.55	-1.56656
529.31	2002.55	-1.56656
528.426	2002.55	-1.56656
527.556	2002.56	-1.56656
526.699	2002.56	-1.56656
525.856	2002.56	-1.56656
525.026	2002.57	-1.56656
524.21	2002.57	-1.56656
523.407	2002.57	-1.56656
522.619	2002.58	-1.56656
521.843	2002.58	-1.56656
521.082	2002.58	-1.56656
520.334	2002.59	-1.56656
519.599	2002.59	-1.56656
518.878	2002.59	-1.56656
518.171	2002.6	-1.56656
517.477	2002.6	-1.56656
516.797	2002.6	-1.56656
516.131	2002.61	-1.56656
515.478	2002.61	-1.56656
514.839	2002.61	-1.56656
514.213	2002.61	-1.56656
513.601	2002.62	-1.56656
513.003	2002.62	-1.56656
512.418	2002.62	-1.56656
511.846	2002.62	-1.56656
511.289	2002.63	-1.56656
510.745	2002.63	-1.56656
510.214	2002.63	-1.56656
509.698	2002.63	-1.56656
509.194	2002.63	-1.56656
508.705	2002.64	-1.56656
508.229	2002.64	-1.56656
507.766	2002.64	-1.56656
507.317	2002.64	-1.56656
506.882	2002.64	-1.56656
506.46	2002.65	-1.56656
506.052	2002.65	-1.56656
505.658	2002.65	-1.56656
505.277	2002.65	-1.56656
504.91	2002.65	-1.56656
504.556	2002.65	-1.56656
504.216	2002.66	-1.56656
503.89	2002.66	-1.56656
503.577	2002.66	-1.56656
503.278	2002.66	-1.56656
502.992	2002.66	-1.56656
502.72	2002.66	-1.56656
502.462	2002.66	-1.56656
502.217	2002.66	-1.56656
501.986	2002.67	-1.56656
501.768	2002.67	-1.56656
501.564	2002.67	-1.56656
501.374	2002.67	-1.56656
501.197	2002.67	-1.56656
501.034	2002.67	-1.56656
500.884	2002.67	-1.56656
500.748	2002.67	-1.56656
500.626	2002.67	-1.56656
500.517	2002.67	-1.56656
500.422	2002.67	-1.56656
500.34	2002.67	-1.56656
500.272	2002.67	-1.56656
500.217	2002.67	-1.56656
500.177	2002.67	-1.56656
500.149	2002.67	-1.56656
500.136	2002.67	-1.56656
500.136	2002.67	-1.56656
500.149	2002.67	-1.56656
500.149	2002.67	-1.56687
500.149	2002.67	-1.56734
500.149	2002.67	-1.56796
500.149	2002.67	-1.56873
500.149	2002.67	-1.56967
500.149	2002.67	-1.57076
500.149	2002.67	-1.572
500.149	2002.67	-1.5734
500.149	2002.67	-1.57495
500.149	2002.67	-1.57666
500.149	2002.67	-1.57853
500.149	2002.67	-1.58055
500.149	2002.67	-1.58272
500.149	2002.67	-1.58506
500.149	2002.67	-1.58754
500.149	2002.67	-1.59019
500.149	2002.67	-1.59298
500.149	2002.67	-1.59594
500.149	2002.67	-1.59905
500.149	2002.67	-1.60231
500.149	2002.67	-1.60573
500.149	2002.67	-1.60931
500.149	2002.67	-1.61304
500.149	2002.67	-1.61692
500.149	2002.67	-1.62096
500.149	2002.67	-1.62516
500.149	2002.67	-1.62951
500.149	2002.67	-1.63402
500.149	2002.67	-1.63868
500.149	2002.67	-1.6435
500.149	2002.67	-1.64848
500.149	2002.67	-1.65361
500.149	2002.67	-1.65889
500.149	2002.67	-1.66433
500.149	2002.67	-1.66993
500.149	2002.67	-1.67568
500.149	2002.67	-1.68159
500.149	2002.67	-1.68765
500.149	2002.67	-1.69387
500.149	2002.67	-1.70024
500.149	2002.67	-1.70677
500.149	2002.67	-1.71345
500.149	2002.67	-1.72029
500.149	2002.67	-1.72729
500.149	2002.67	-1.73444
500.149	2002.67	-1.74174
500.149	2002.67	-1.7492
500.149	2002.67	-1.75682
500.149	2002.67	-1.76459
500.149	2002.67	-1.77252
500.149	2002.67	-1.7806
500.149	2002.67	-1.78884
500.149	2002.67	-1.79724
500.149	2002.67	-1.80579
500.149	2002.67	-1.81449
500.149	2002.67	-1.82335
500.149	2002.67	-1.83237
500.149	2002.67	-1.84154
500.149	2002.67	-1.85086
500.149	2002.67	-1.86035
500.149	2002.67	-1.86998
500.149	2002.67	-1.87978
500.149	2002.67	-1.88973
500.149	2002.67	-1.89983
500.149	2002.67	-1.91009
500.149	2002.67	-1.9205
500.149	2002.67	-1.93107
500.149	2002.67	-1.9418
500.149	2002.67	-1.95268
500.149	2002.67	-1.96372
500.149	2002.67	-1.97491
500.149	2002.67	-1.98626
500.149	2002.67	-1.99776
500.149	2002.67	-2.00942
500.149	2002.67	-2.02123
500.149	2002.67	-2.0332
500.149	2002.67	-2.04532
500.149	2002.67	-2.0576
500.149	2002.67	-2.07004
500.149	2002.67	-2.08248
500.149	2002.67	-2.09491
500.149	2002.67	-2.10735
500.149	2002.67	-2.11978
500.149	2002.67	-2.13222
500.149	2002.67	-2.14465
500.149	2002.67	-2.15709
500.149	2002.67	-2.16952
500.149	2002.67	-2.18196
500.149	2002.67	-2.19439
500.149	2002.67	-2.20683
500.149	2002.67	-2.21927
500.149	2002.67	-2.2317
500.149	2002.67	-2.24414
500.149	2002.67	-2.25657
500.149	2002.67	-2.26901
500.149	2002.67	-2.28144
500.149	2002.67	-2.29388
500.149	2002.67	-2.30631
500.149	2002.67	-2.31875
500.149	2002.67	-2.33118
500.149	2002.67	-2.34362
500.149	2002.67	-2.35606
500.149	2002.67	-2.36849
500.149	2002.67	-2.38093
500.149	2002.67	-2.39336
500.149	2002.67	-2.4058
500.149	2002.67	-2.41823
500.149	2002.67	-2.43067
500.149	2002.67	-2.4431
500.149	2002.67	-2.45554
500.149	2002.67	-2.46797
500.149	2002.67	-2.48041
500.149	2002.67	-2.49285
500.149	2002.67	-2.50528
500.149	2002.67	-2.51772
500.149	2002.67	-2.53015
500.149	2002.67	-2.54259
500.149	2002.67	-2.55502
500.149	2002.67	-2.56746
500.149	2002.67	-2.57989
500.149	2002.67	-2.59233
500.149	2002.67	-2.60476
500.149	2002.67	-2.6172
500.149	2002.67	-2.62964
500.149	2002.67	-2.64207
500.149	2002.67	-2.65451
500.149	2002.67	-2.66694
500.149	2002.67	-2.67938
500.149	2002.67	-2.69181
500.149	2002.67	-2.70425
500.149	2002.67	-2.71668
500.149	2002.67	-2.72912
500.149	2002.67	-2.74156
500.149	2002.67	-2.75399
500.149	2002.67	-2.76643
500.149	2002.67	-2.77886
500.149	2002.67	-2.7913
500.149	2002.67	-2.80373
500.149	2002.67	-2.81617
500.149	2002.67	-2.8286
500.149	2002.67	-2.84104
500.149	2002.67	-2.85347
500.149	2002.67	-2.86591
500.149	2002.67	-2.87835
500.149	2002.67	-2.89078
500.149	2002.67	-2.90322
500.149	2002.67	-2.91565
500.149	2002.67	-2.92809
500.149	2002.67	-2.94052
500.149	2002.67	-2.95296
500.149	2002.67	-2.96539
500.149	2002.67	-2.97783
500.149	2002.67	-2.99026
500.149	2002.67	-3.0027
500.149	2002.67	-3.01514
500.149	2002.67	-3.02757
500.149	2002.67	-3.04001
500.149	2002.67	-3.05229
500.149	2002.67	-3.06441
500.149	2002.67	-3.07638
500.149	2002.67	-3.08819
500.149	2002.67	-3.09985
500.149	2002.67	-3.11135
500.149	2002.67	-3.1227
500.149	2002.67	-3.13389
500.149	2002.67	-3.14493
500.149	2002.67	-3.15581
500.149	2002.67	-3.16654
500.149	2002.67	-3.17711
500.149	2002.67	-3.18752
500.149	2002.67	-3.19778
500.149	2002.67	-3.20789
500.149	2002.67	-3.21783
500.149	2002.67	-3.22763
500.149	2002.67	-3.23726
500.149	2002.67	-3.24675
500.149	2002.67	-3.25607
500.149	2002.67	-3.26524
500.149	2002.67	-3.27426
500.149	2002.67	-3.28312
500.149	2002.67	-3.29182
500.149	2002.67	-3.30037
500.149	2002.67	-3.30877
500.149	2002.67	-3.31701
500.149	2002.67	-3.32509
500.149	2002.67	-3.33302
500.149	2002.67	-3.34079
500.149	2002.67	-3.34841
500.149	2002.67	-3.35587
500.149	2002.67	-3.36317
500.149	2002.67	-3.37032
500.149	2002.67	-3.37732
500.149	2002.67	-3.38416
500.149	2002.67	-3.39084
500.149	2002.67	-3.39737
500.149	2002.67	-3.40374
500.149	2002.67	-3.40996
500.149	2002.67	-3.41602
500.149	2002.67	-3.42193
500.149	2002.67	-3.42768
500.149	2002.67	-3.43328
500.149	2002.67	-3.43872
500.149	2002.67	-3.444
500.149	2002.67	-3.44913
500.149	2002.67	-3.45411
500.149	2002.67	-3.45893
500.149	2002.67	-3.46359
500.149	2002.67	-3.4681
500.149	2002.67	-3.47245
500.149	2002.67	-3.47665
500.149	2002.67	-3.48069
500.149	2002.67	-3.48457
500.149	2002.67	-3.48831
500.149	2002.67	-3.49188
500.149	2002.67	-3.4953
500.149	2002.67	-3.49856
500.149	2002.67	-3.50167
500.149	2002.67	-3.50463
500.149	2002.67	-3.50742
500.149	2002.67	-3.51007
500.149	2002.67	-3.51255
500.149	2002.67	-3.51489
500.149	2002.67	-3.51706
500.149	2002.67	-3.51908
500.149	2002.67	-3.52095
500.149	2002.67	-3.52266
500.149	2002.67	-3.52421
500.149	2002.67	-3.52561
500.149	2002.67	-3.52685
500.149	2002.67	-3.52794
500.149	2002.67	-3.52888
500.16	2002.65	-3.52888
500.175	2002.61	-3.52888
500.196	2002.56	-3.52888
500.221	2002.5	-3.52888
500.252	2002.42	-3.52888
500.288	2002.33	-3.52888
500.329	2002.23	-3.52888
500.376	2002.12	-3.52888
500.427	2001.99	-3.52888
500.483	2001.85	-3.52888
500.545	2001.7	-3.52888
500.612	2001.54	-3.52888
500.684	2001.36	-3.52888
500.761	2001.17	-3.52888
500.843	2000.97	-3.52888
500.93	2000.76	-3.52888
501.023	2000.53	-3.52888
501.12	2000.29	-3.52888
501.223	2000.04	-3.52888
501.331	1999.78	-3.52888
501.444	1999.5	-3.52888
501.562	1999.21	-3.52888
501.685	1998.91	-3.52888
501.814	1998.59	-3.52888
501.947	1998.27	-3.52888
502.086	1997.93	-3.52888
502.23	1997.57	-3.52888
502.379	1997.21	-3.52888
502.533	1996.83	-3.52888
502.692	1996.44	-3.52888
502.857	1996.04	-3.52888
503.026	1995.62	-3.52888
503.201	1995.19	-3.52888
503.381	1994.75	-3.52888
503.565	1994.3	-3.52888
503.756	1993.83	-3.52888
503.951	1993.35	-3.52888
504.151	1992.86	-3.52888
504.357	1992.36	-3.52888
504.567	1991.84	-3.52888
504.783	1991.31	-3.52888
505.004	1990.77	-3.52888
505.23	1990.22	-3.52888
505.461	1989.65	-3.52888
505.697	1989.07	-3.52888
505.939	1988.48	-3.52888
506.185	1987.88	-3.52888
506.437	1987.26	-3.52888
506.694	1986.63	-3.52888
506.956	1985.99	-3.52888
507.223	1985.33	-3.52888
507.495	1984.66	-3.52888
507.773	1983.98	-3.52888
508.055	1983.29	-3.52888
508.343	1982.59	-3.52888
508.636	1981.87	-3.52888
508.934	1981.14	-3.52888
509.237	1980.39	-3.52888
509.545	1979.64	-3.52888
509.858	1978.87	-3.52888
510.177	1978.09	-3.52888
510.5	1977.3	-3.52888
510.829	1976.49	-3.52888
511.163	1975.67	-3.52888
511.502	1974.84	-3.52888
511.846	1974	-3.52888
512.195	1973.14	-3.52888
512.55	1972.27	-3.52888
512.909	1971.39	-3.52888
513.274	1970.5	-3.52888
513.644	1969.59	-3.52888
514.019	1968.67	-3.52888
514.399	1967.74	-3.52888
514.784	1966.79	-3.52888
515.175	1965.84	-3.52888
515.57	1964.87	-3.52888
515.971	1963.88	-3.52888
516.377	1962.89	-3.52888
516.788	1961.88	-3.52888
517.199	1960.87	-3.52888
517.61	1959.87	-3.52888
518.021	1958.86	-3.52888
518.432	1957.85	-3.52888
518.843	1956.84	-3.52888
519.253	1955.84	-3.52888
519.664	1954.83	-3.52888
520.075	1953.82	-3.52888
520.486	1952.81	-3.52888
520.897	1951.81	-3.52888
521.308	1950.8	-3.52888
521.719	1949.79	-3.52888
522.13	1948.78	-3.52888
522.541	1947.78	-3.52888
522.952	1946.77	-3.52888
523.363	1945.76	-3.52888
523.774	1944.75	-3.52888
524.185	1943.75	-3.52888
524.596	1942.74	-3.52888
525.007	1941.73	-3.52888
525.418	1940.72	-3.52888
525.829	1939.72	-3.52888
526.24	1938.71	-3.52888
526.651	1937.7	-3.52888
527.061	1936.69	-3.52888
527.472	1935.69	-3.52888
527.883	1934.68	-3.52888
528.294	1933.67	-3.52888
528.705	1932.66	-3.52888
529.116	1931.66	-3.52888
529.527	1930.65	-3.52888
529.938	1929.64	-3.52888
530.349	1928.63	-3.52888
530.76	1927.63	-3.52888
531.171	1926.62	-3.52888
531.582	1925.61	-3.52888
531.993	1924.6	-3.52888
532.404	1923.6	-3.52888
532.815	1922.59	-3.52888
533.226	1921.58	-3.52888
533.637	1920.57	-3.52888
534.048	1919.57	-3.52888
534.459	1918.56	-3.52888
534.87	1917.55	-3.52888
535.28	1916.54	-3.52888
535.691	1915.54	-3.52888
536.102	1914.53	-3.52888
536.513	1913.52	-3.52888
536.924	1912.51	-3.52888
537.335	1911.51	-3.52888
537.746	1910.5	-3.52888
538.157	1909.49	-3.52888
538.568	1908.48	-3.52888
538.979	1907.48	-3.52888
539.39	1906.47	-3.52888
539.801	1905.46	-3.52888
540.212	1904.45	-3.52888
540.623	1903.45	-3.52888
541.034	1902.44	-3.52888
541.445	1901.43	-3.52888
541.856	1900.42	-3.52888
542.267	1899.42	-3.52888
542.678	1898.41	-3.52888
543.088	1897.4	-3.52888
543.499	1896.39	-3.52888
543.91	1895.39	-3.52888
544.321	1894.38	-3.52888
544.732	1893.37	-3.52888
545.143	1892.36	-3.52888
545.554	1891.35	-3.52888
545.965	1890.35	-3.52888
546.376	1889.34	-3.52888
546.787	1888.33	-3.52888
547.198	1887.32	-3.52888
547.609	1886.32	-3.52888
548.02	1885.31	-3.52888
548.431	1884.3	-3.52888
548.842	1883.29	-3.52888
549.253	1882.29	-3.52888
549.664	1881.28	-3.52888
550.075	1880.27	-3.52888
550.486	1879.26	-3.52888
550.897	1878.26	-3.52888
551.307	1877.25	-3.52888
551.718	1876.24	-3.52888
552.129	1875.23	-3.52888
552.54	1874.23	-3.52888
552.951	1873.22	-3.52888
553.362	1872.21	-3.52888
553.773	1871.2	-3.52888
554.184	1870.2	-3.52888
554.595	1869.19	-3.52888
555.006	1868.18	-3.52888
555.417	1867.17	-3.52888
555.828	1866.17	-3.52888
556.239	1865.16	-3.52888
556.65	1864.15	-3.52888
557.061	1863.14	-3.52888
557.472	1862.14	-3.52888
557.883	1861.13	-3.52888
558.294	1860.12	-3.52888
558.705	1859.11	-3.52888
559.115	1858.11	-3.52888
559.526	1857.1	-3.52888
559.937	1856.09	-3.52888
560.348	1855.08	-3.52888
560.759	1854.08	-3.52888
561.17	1853.07	-3.52888
561.581	1852.06	-3.52888
561.992	1851.05	-3.52888
562.403	1850.05	-3.52888
562.814	1849.04	-3.52888
563.225	1848.03	-3.52888
563.636	1847.02	-3.52888
564.047	1846.02	-3.52888
564.458	1845.01	-3.52888
564.869	1844	-3.52888
565.28	1842.99	-3.52888
565.691	1841.99	-3.52888
566.102	1840.98	-3.52888
566.513	1839.97	-3.52888
566.924	1838.96	-3.52888
567.334	1837.96	-3.52888
567.745	1836.95	-3.52888
568.156	1835.94	-3.52888
568.567	1834.93	-3.52888
568.978	1833.93	-3.52888
569.389	1832.92	-3.52888
569.8	1831.91	-3.52888
570.211	1830.9	-3.52888
570.622	1829.9	-3.52888
571.033	1828.89	-3.52888
571.444	1827.88	-3.52888
571.855	1826.87	-3.52888
572.266	1825.87	-3.52888
572.677	1824.86	-3.52888
573.088	1823.85	-3.52888
573.499	1822.84	-3.52888
573.91	1821.84	-3.52888
574.321	1820.83	-3.52888
574.732	1819.82	-3.52888
575.142	1818.81	-3.52888
575.553	1817.81	-3.52888
575.964	1816.8	-3.52888
576.375	1815.79	-3.52888
576.786	1814.78	-3.52888
577.197	1813.78	-3.52888
577.608	1812.77	-3.52888
578.019	1811.76	-3.52888
578.43	1810.75	-3.52888
578.841	1809.75	-3.52888
579.252	1808.74	-3.52888
579.663	1807.73	-3.52888
580.074	1806.72	-3.52888
580.485	1805.72	-3.52888
580.896	1804.71	-3.52888
581.307	1803.7	-3.52888
581.718	1802.69	-3.52888
582.129	1801.69	-3.52888
582.54	1800.68	-3.52888
582.95	1799.67	-3.52888
583.361	1798.66	-3.52888
583.772	1797.66	-3.52888
584.183	1796.65	-3.52888
584.594	1795.64	-3.52888
585.005	1794.63	-3.52888
585.416	1793.63	-3.52888
585.827	1792.62	-3.52888
586.238	1791.61	-3.52888
586.649	1790.6	-3.52888
587.06	1789.6	-3.52888
587.471	1788.59	-3.52888
587.882	1787.58	-3.52888
588.293	1786.57	-3.52888
588.704	1785.57	-3.52888
589.115	1784.56	-3.52888
589.526	1783.55	-3.52888
589.937	1782.54	-3.52888
590.348	1781.54	-3.52888
590.759	1780.53	-3.52888
591.169	1779.52	-3.52888
591.58	1778.51	-3.52888
591.991	1777.51	-3.52888
592.402	1776.5	-3.52888
592.813	1775.49	-3.52888
593.224	1774.48	-3.52888
593.635	1773.48	-3.52888
594.046	1772.47	-3.52888
594.457	1771.46	-3.52888
594.868	1770.45	-3.52888
595.279	1769.45	-3.52888
595.69	1768.44	-3.52888
596.101	1767.43	-3.52888
596.512	1766.42	-3.52888
596.923	1765.42	-3.52888
597.334	1764.41	-3.52888
597.745	1763.4	-3.52888
598.156	1762.39	-3.52888
598.567	1761.39	-3.52888
598.977	1760.38	-3.52888
599.388	1759.37	-3.52888
599.799	1758.36	-3.52888
600.21	1757.36	-3.52888
600.621	1756.35	-3.52888
601.032	1755.34	-3.52888
601.443	1754.33	-3.52888
601.854	1753.33	-3.52888
602.265	1752.32	-3.52888
602.676	1751.31	-3.52888
603.087	1750.3	-3.52888
603.498	1749.3	-3.52888
603.909	1748.29	-3.52888
604.32	1747.28	-3.52888
604.731	1746.27	-3.52888
605.142	1745.26	-3.52888
605.553	1744.26	-3.52888
605.964	1743.25	-3.52888
606.375	1742.24	-3.52888
606.786	1741.23	-3.52888
607.196	1740.23	-3.52888
607.607	1739.22	-3.52888
608.018	1738.21	-3.52888
608.429	1737.2	-3.52888
608.84	1736.2	-3.52888
609.251	1735.19	-3.52888
609.662	1734.18	-3.52888
610.073	1733.17	-3.52888
610.484	1732.17	-3.52888
610.895	1731.16	-3.52888
611.306	1730.15	-3.52888
611.717	1729.14	-3.52888
612.128	1728.14	-3.52888
612.539	1727.13	-3.52888
612.95	1726.12	-3.52888
613.361	1725.11	-3.52888
613.772	1724.11	-3.52888
614.183	1723.1	-3.52888
614.594	1722.09	-3.52888
615.004	1721.08	-3.52888
615.415	1720.08	-3.52888
615.826	1719.07	-3.52888
616.237	1718.06	-3.52888
616.648	1717.05	-3.52888
617.059	1716.05	-3.52888
617.47	1715.04	-3.52888
617.881	1714.03	-3.52888
618.292	1713.02	-3.52888
618.703	1712.02	-3.52888
619.114	1711.01	-3.52888
619.525	1710	-3.52888
619.936	1708.99	-3.52888
620.347	1707.99	-3.52888
620.758	1706.98	-3.52888
621.169	1705.97	-3.52888
621.58	1704.96	-3.52888
621.991	1703.96	-3.52888
622.402	1702.95	-3.52888
622.813	1701.94	-3.52888
623.223	1700.93	-3.52888
623.634	1699.93	-3.52888
624.045	1698.92	-3.52888
624.456	1697.91	-3.52888
624.867	1696.9	-3.52888
625.278	1695.9	-3.52888
625.689	1694.89	-3.52888
626.1	1693.88	-3.52888
626.511	1692.87	-3.52888
626.922	1691.87	-3.52888
627.333	1690.86	-3.52888
627.744	1689.85	-3.52888
628.155	1688.84	-3.52888
628.566	1687.84	-3.52888
628.977	1686.83	-3.52888
629.388	1685.82	-3.52888
629.799	1684.81	-3.52888
630.21	1683.81	-3.52888
630.621	1682.8	-3.52888
631.031	1681.79	-3.52888
631.442	1680.78	-3.52888
631.853	1679.78	-3.52888
632.264	1678.77	-3.52888
632.675	1677.76	-3.52888
633.086	1676.75	-3.52888
633.497	1675.75	-3.52888
633.908	1674.74	-3.52888
634.319	1673.73	-3.52888
634.73	1672.72	-3.52888
635.141	1671.72	-3.52888
635.552	1670.71	-3.52888
635.963	1669.7	-3.52888
636.374	1668.69	-3.52888
636.785	1667.69	-3.52888
637.196	1666.68	-3.52888
637.607	1665.67	-3.52888
638.018	1664.66	-3.52888
638.429	1663.66	-3.52888
638.84	1662.65	-3.52888
639.25	1661.64	-3.52888
639.661	1660.63	-3.52888
640.072	1659.63	-3.52888
640.483	1658.62	-3.52888
640.894	1657.61	-3.52888
641.305	1656.6	-3.52888
641.716	1655.6	-3.52888
642.127	1654.59	-3.52888
642.538	1653.58	-3.52888
642.949	1652.57	-3.52888
643.36	1651.57	-3.52888
643.771	1650.56	-3.52888
644.182	1649.55	-3.52888
644.593	1648.54	-3.52888
645.004	1647.54	-3.52888
645.415	1646.53	-3.52888
645.826	1645.52	-3.52888
646.237	1644.51	-3.52888
646.648	1643.51	-3.52888
647.058	1642.5	-3.52888
647.469	1641.49	-3.52888
647.88	1640.48	-3.52888
648.291	1639.48	-3.52888
648.702	1638.47	-3.52888
649.113	1637.46	-3.52888
649.524	1636.45	-3.52888
649.935	1635.45	-3.52888
650.346	1634.44	-3.52888
650.757	1633.43	-3.52888
651.168	1632.42	-3.52888
651.579	1631.42	-3.52888
651.99	1630.41	-3.52888
652.401	1629.4	-3.52888
652.812	1628.39	-3.52888
653.223	1627.39	-3.52888
653.634	1626.38	-3.52888
654.045	1625.37	-3.52888
654.456	1624.36	-3.52888
654.867	1623.36	-3.52888
655.277	1622.35	-3.52888
655.688	1621.34	-3.52888
656.099	1620.33	-3.52888
656.51	1619.33	-3.52888
656.921	1618.32	-3.52888
657.332	1617.31	-3.52888
657.743	1616.3	-3.52888
658.154	1615.3	-3.52888
658.565	1614.29	-3.52888
658.976	1613.28	-3.52888
659.387	1612.27	-3.52888
659.798	1611.27	-3.52888
660.209	1610.26	-3.52888
660.62	1609.25	-3.52888
661.031	1608.24	-3.52888
661.442	1607.24	-3.52888
661.853	1606.23	-3.52888
662.264	1605.22	-3.52888
662.675	1604.21	-3.52888
663.085	1603.21	-3.52888
663.496	1602.2	-3.52888
663.907	1601.19	-3.52888
664.318	1600.18	-3.52888
664.729	1599.17	-3.52888
665.14	1598.17	-3.52888
665.551	1597.16	-3.52888
665.962	1596.15	-3.52888
666.373	1595.14	-3.52888
666.784	1594.14	-3.52888
667.195	1593.13	-3.52888
667.606	1592.12	-3.52888
668.017	1591.11	-3.52888
668.428	1590.11	-3.52888
668.839	1589.1	-3.52888
669.25	1588.09	-3.52888
669.661	1587.08	-3.52888
670.072	1586.08	-3.52888
670.483	1585.07	-3.52888
670.894	1584.06	-3.52888
671.304	1583.05	-3.52888
671.715	1582.05	-3.52888
672.126	1581.04	-3.52888
672.537	1580.03	-3.52888
672.948	1579.02	-3.52888
673.359	1578.02	-3.52888
673.77	1577.01	-3.52888
674.181	1576	-3.52888
674.592	1574.99	-3.52888
675.003	1573.99	-3.52888
675.414	1572.98	-3.52888
675.825	1571.97	-3.52888
676.236	1570.96	-3.52888
676.647	1569.96	-3.52888
677.058	1568.95	-3.52888
677.469	1567.94	-3.52888
677.88	1566.93	-3.52888
678.291	1565.93	-3.52888
678.702	1564.92	-3.52888
679.112	1563.91	-3.52888
679.523	1562.9	-3.52888
679.934	1561.9	-3.52888
680.345	1560.89	-3.52888
680.756	1559.88	-3.52888
681.167	1558.87	-3.52888
681.578	1557.87	-3.52888
681.989	1556.86	-3.52888
682.4	1555.85	-3.52888
682.811	1554.84	-3.52888
683.222	1553.84	-3.52888
683.633	1552.83	-3.52888
684.044	1551.82	-3.52888
684.455	1550.81	-3.52888
684.866	1549.81	-3.52888
685.277	1548.8	-3.52888
685.688	1547.79	-3.52888
686.099	1546.78	-3.52888
686.51	1545.78	-3.52888
686.921	1544.77	-3.52888
687.331	1543.76	-3.52888
687.742	1542.75	-3.52888
688.153	1541.75	-3.52888
688.564	1540.74	-3.52888
688.975	1539.73	-3.52888
689.386	1538.72	-3.52888
689.797	1537.72	-3.52888
690.208	1536.71	-3.52888
690.619	1535.7	-3.52888
691.03	1534.69	-3.52888
691.441	1533.69	-3.52888
691.852	1532.68	-3.52888
692.263	1531.67	-3.52888
692.674	1530.66	-3.52888
693.085	1529.66	-3.52888
693.496	1528.65	-3.52888
693.907	1527.64	-3.52888
694.318	1526.63	-3.52888
694.729	1525.63	-3.52888
695.139	1524.62	-3.52888
695.55	1523.61	-3.52888
695.961	1522.6	-3.52888
696.372	1521.6	-3.52888
696.783	1520.59	-3.52888
697.194	1519.58	-3.52888
697.605	1518.57	-3.52888
698.016	1517.57	-3.52888
698.427	1516.56	-3.52888
698.838	1515.55	-3.52888
699.249	1514.54	-3.52888
699.66	1513.54	-3.52888
700.071	1512.53	-3.52888
700.482	1511.52	-3.52888
700.893	1510.51	-3.52888
701.304	1509.51	-3.52888
701.715	1508.5	-3.52888
702.126	1507.49	-3.52888
702.537	1506.48	-3.52888
702.947	1505.48	-3.52888
703.358	1504.47	-3.52888
703.769	1503.46	-3.52888
704.18	1502.45	-3.52888
704.591	1501.45	-3.52888
705.002	1500.44	-3.52888
705.413	1499.43	-3.52888
705.824	1498.42	-3.52888
706.235	1497.42	-3.52888
706.646	1496.41	-3.52888
707.057	1495.4	-3.52888
707.468	1494.39	-3.52888
707.879	1493.39	-3.52888
708.29	1492.38	-3.52888
708.701	1491.37	-3.52888
709.112	1490.36	-3.52888
709.523	1489.36	-3.52888
709.934	1488.35	-3.52888
710.345	1487.34	-3.52888
710.756	1486.33	-3.52888
711.166	1485.33	-3.52888
711.577	1484.32	-3.52888
711.988	1483.31	-3.52888
712.399	1482.3	-3.52888
712.81	1481.3	-3.52888
713.221	1480.29	-3.52888
713.632	1479.28	-3.52888
714.043	1478.27	-3.52888
714.454	1477.27	-3.52888
714.865	1476.26	-3.52888
715.276	1475.25	-3.52888
715.687	1474.24	-3.52888
716.098	1473.24	-3.52888
716.509	1472.23	-3.52888
716.92	1471.22	-3.52888
717.331	1470.21	-3.52888
717.742	1469.21	-3.52888
718.153	1468.2	-3.52888
718.564	1467.19	-3.52888
718.974	1466.18	-3.52888
719.385	1465.18	-3.52888
719.796	1464.17	-3.52888
720.207	1463.16	-3.52888
720.618	1462.15	-3.52888
721.029	1461.15	-3.52888
721.44	1460.14	-3.52888
721.851	1459.13	-3.52888
722.262	1458.12	-3.52888
722.673	1457.12	-3.52888
723.084	1456.11	-3.52888
723.495	1455.1	-3.52888
723.906	1454.09	-3.52888
724.317	1453.08	-3.52888
724.728	1452.08	-3.52888
725.139	1451.07	-3.52888
725.55	1450.06	-3.52888
725.961	1449.05	-3.52888
726.372	1448.05	-3.52888
726.783	1447.04	-3.52888
727.193	1446.03	-3.52888
727.604	1445.02	-3.52888
728.015	1444.02	-3.52888
728.426	1443.01	-3.52888
728.837	1442	-3.52888
729.248	1440.99	-3.52888
729.659	1439.99	-3.52888
730.07	1438.98	-3.52888
730.481	1437.97	-3.52888
730.892	1436.96	-3.52888
731.303	1435.96	-3.52888
731.714	1434.95	-3.52888
732.125	1433.94	-3.52888
732.536	1432.93	-3.52888
732.947	1431.93	-3.52888
733.358	1430.92	-3.52888
733.769	1429.91	-3.52888
734.18	1428.9	-3.52888
734.591	1427.9	-3.52888
735.001	1426.89	-3.52888
735.412	1425.88	-3.52888
735.823	1424.87	-3.52888
736.234	1423.87	-3.52888
736.645	1422.86	-3.52888
737.056	1421.85	-3.52888
737.467	1420.84	-3.52888
737.878	1419.84	-3.52888
738.289	1418.83	-3.52888
738.7	1417.82	-3.52888
739.111	1416.81	-3.52888
739.522	1415.81	-3.52888
739.933	1414.8	-3.52888
740.344	1413.79	-3.52888
740.755	1412.78	-3.52888
741.166	1411.78	-3.52888
741.577	1410.77	-3.52888
741.988	1409.76	-3.52888
742.399	1408.75	-3.52888
742.81	1407.75	-3.52888
743.22	1406.74	-3.52888
743.631	1405.73	-3.52888
744.042	1404.72	-3.52888
744.453	1403.72	-3.52888
744.864	1402.71	-3.52888
745.275	1401.7	-3.52888
745.686	1400.69	-3.52888
746.097	1399.69	-3.52888
746.508	1398.68	-3.52888
746.919	1397.67	-3.52888
747.33	1396.66	-3.52888
747.741	1395.66	-3.52888
748.152	1394.65	-3.52888
748.563	1393.64	-3.52888
748.974	1392.63	-3.52888
749.385	1391.63	-3.52888
749.796	1390.62	-3.52888
750.207	1389.61	-3.52888
750.618	1388.6	-3.52888
751.028	1387.6	-3.52888
751.439	1386.59	-3.52888
751.85	1385.58	-3.52888
752.261	1384.57	-3.52888
752.672	1383.57	-3.52888
753.083	1382.56	-3.52888
753.494	1381.55	-3.52888
753.905	1380.54	-3.52888
754.316	1379.54	-3.52888
754.727	1378.53	-3.52888
755.138	1377.52	-3.52888
755.549	1376.51	-3.52888
755.96	1375.51	-3.52888
756.371	1374.5	-3.52888
756.782	1373.49	-3.52888
757.193	1372.48	-3.52888
757.604	1371.48	-3.52888
758.015	1370.47	-3.52888
758.426	1369.46	-3.52888
758.837	1368.45	-3.52888
759.247	1367.45	-3.52888
759.658	1366.44	-3.52888
760.069	1365.43	-3.52888
760.48	1364.42	-3.52888
760.891	1363.42	-3.52888
761.302	1362.41	-3.52888
761.713	1361.4	-3.52888
762.124	1360.39	-3.52888
762.535	1359.39	-3.52888
762.946	1358.38	-3.52888
763.357	1357.37	-3.52888
763.768	1356.36	-3.52888
764.179	1355.36	-3.52888
764.59	1354.35	-3.52888
765.001	1353.34	-3.52888
765.412	1352.33	-3.52888
765.823	1351.33	-3.52888
766.234	1350.32	-3.52888
766.645	1349.31	-3.52888
767.055	1348.3	-3.52888
767.466	1347.3	-3.52888
767.877	1346.29	-3.52888
768.288	1345.28	-3.52888
768.699	1344.27	-3.52888
769.11	1343.27	-3.52888
769.521	1342.26	-3.52888
769.932	1341.25	-3.52888
770.343	1340.24	-3.52888
770.754	1339.24	-3.52888
771.165	1338.23	-3.52888
771.576	1337.22	-3.52888
771.987	1336.21	-3.52888
772.398	1335.21	-3.52888
772.809	1334.2	-3.52888
773.22	1333.19	-3.52888
773.631	1332.18	-3.52888
774.042	1331.18	-3.52888
774.453	1330.17	-3.52888
774.864	1329.16	-3.52888
775.274	1328.15	-3.52888
775.685	1327.15	-3.52888
776.096	1326.14	-3.52888
776.507	1325.13	-3.52888
776.918	1324.12	-3.52888
777.329	1323.12	-3.52888
777.74	1322.11	-3.52888
778.151	1321.1	-3.52888
778.562	1320.09	-3.52888
778.973	1319.09	-3.52888
779.384	1318.08	-3.52888
779.795	1317.07	-3.52888
780.206	1316.06	-3.52888
780.617	1315.06	-3.52888
781.028	1314.05	-3.52888
781.439	1313.04	-3.52888
781.85	1312.03	-3.52888
782.261	1311.03	-3.52888
782.672	1310.02	-3.52888
783.082	1309.01	-3.52888
783.493	1308	-3.52888
783.904	1306.99	-3.52888
784.315	1305.99	-3.52888
784.726	1304.98	-3.52888
785.137	1303.97	-3.52888
785.548	1302.96	-3.52888
785.959	1301.96	-3.52888
786.37	1300.95	-3.52888
786.781	1299.94	-3.52888
787.192	1298.93	-3.52888
787.603	1297.93	-3.52888
788.014	1296.92	-3.52888
788.425	1295.91	-3.52888
788.836	1294.9	-3.52888
789.247	1293.9	-3.52888
789.658	1292.89	-3.52888
790.069	1291.88	-3.52888
790.48	1290.87	-3.52888
790.891	1289.87	-3.52888
791.301	1288.86	-3.52888
791.712	1287.85	-3.52888
792.123	1286.84	-3.52888
792.534	1285.84	-3.52888
792.945	1284.83	-3.52888
793.356	1283.82	-3.52888
793.767	1282.81	-3.52888
794.178	1281.81	-3.52888
794.589	1280.8	-3.52888
795	1279.79	-3.52888
795.411	1278.78	-3.52888
795.822	1277.78	-3.52888
796.233	1276.77	-3.52888
796.644	1275.76	-3.52888
797.055	1274.75	-3.52888
797.466	1273.75	-3.52888
797.877	1272.74	-3.52888
798.288	1271.73	-3.52888
798.699	1270.72	-3.52888
799.109	1269.72	-3.52888
799.52	1268.71	-3.52888
799.931	1267.7	-3.52888
800.342	1266.69	-3.52888
800.753	1265.69	-3.52888
801.164	1264.68	-3.52888
801.575	1263.67	-3.52888
801.986	1262.66	-3.52888
802.397	1261.66	-3.52888
802.808	1260.65	-3.52888
803.219	1259.64	-3.52888
803.63	1258.63	-3.52888
804.041	1257.63	-3.52888
804.452	1256.62	-3.52888
804.863	1255.61	-3.52888
805.274	1254.6	-3.52888
805.685	1253.6	-3.52888
806.096	1252.59	-3.52888
806.507	1251.58	-3.52888
806.918	1250.57	-3.52888
807.328	1249.57	-3.52888
807.739	1248.56	-3.52888
808.15	1247.55	-3.52888
808.561	1246.54	-3.52888
808.972	1245.54	-3.52888
809.383	1244.53	-3.52888
809.794	1243.52	-3.52888
810.205	1242.51	-3.52888
810.616	1241.51	-3.52888
811.027	1240.5	-3.52888
811.438	1239.49	-3.52888
811.849	1238.48	-3.52888
812.26	1237.48	-3.52888
812.671	1236.47	-3.52888
813.082	1235.46	-3.52888
813.493	1234.45	-3.52888
813.904	1233.45	-3.52888
814.315	1232.44	-3.52888
814.726	1231.43	-3.52888
815.136	1230.42	-3.52888
815.547	1229.42	-3.52888
815.958	1228.41	-3.52888
816.369	1227.4	-3.52888
816.78	1226.39	-3.52888
817.191	1225.39	-3.52888
817.602	1224.38	-3.52888
818.013	1223.37	-3.52888
818.424	1222.36	-3.52888
818.835	1221.36	-3.52888
819.246	1220.35	-3.52888
819.657	1219.34	-3.52888
820.068	1218.33	-3.52888
820.479	1217.33	-3.52888
820.89	1216.32	-3.52888
821.301	1215.31	-3.52888
821.712	1214.3	-3.52888
822.123	1213.3	-3.52888
822.534	1212.29	-3.52888
822.944	1211.28	-3.52888
823.355	1210.27	-3.52888
823.766	1209.27	-3.52888
824.177	1208.26	-3.52888
824.588	1207.25	-3.52888
824.999	1206.24	-3.52888
825.41	1205.24	-3.52888
825.821	1204.23	-3.52888
826.232	1203.22	-3.52888
826.643	1202.21	-3.52888
827.054	1201.21	-3.52888
827.465	1200.2	-3.52888
827.876	1199.19	-3.52888
828.287	1198.18	-3.52888
828.698	1197.18	-3.52888
829.109	1196.17	-3.52888
829.52	1195.16	-3.52888
829.931	1194.15	-3.52888
830.342	1193.15	-3.52888
830.753	1192.14	-3.52888
831.163	1191.13	-3.52888
831.574	1190.12	-3.52888
831.985	1189.12	-3.52888
832.396	1188.11	-3.52888
832.807	1187.1	-3.52888
833.218	1186.09	-3.52888
833.629	1185.09	-3.52888
834.04	1184.08	-3.52888
834.451	1183.07	-3.52888
834.862	1182.06	-3.52888
835.273	1181.06	-3.52888
835.684	1180.05	-3.52888
836.095	1179.04	-3.52888
836.506	1178.03	-3.52888
836.917	1177.03	-3.52888
837.328	1176.02	-3.52888
837.739	1175.01	-3.52888
838.15	1174	-3.52888
838.561	1173	-3.52888
838.971	1171.99	-3.52888
839.382	1170.98	-3.52888
839.793	1169.97	-3.52888
840.204	1168.97	-3.52888
840.615	1167.96	-3.52888
841.026	1166.95	-3.52888
841.437	1165.94	-3.52888
841.848	1164.94	-3.52888
842.259	1163.93	-3.52888
842.67	1162.92	-3.52888
843.081	1161.91	-3.52888
843.492	1160.9	-3.52888
843.903	1159.9	-3.52888
844.314	1158.89	-3.52888
844.725	1157.88	-3.52888
845.136	1156.87	-3.52888
845.547	1155.87	-3.52888
845.958	1154.86	-3.52888
846.369	1153.85	-3.52888
846.78	1152.84	-3.52888
847.19	1151.84	-3.52888
847.601	1150.83	-3.52888
848.012	1149.82	-3.52888
848.423	1148.81	-3.52888
848.834	1147.81	-3.52888
849.245	1146.8	-3.52888
849.656	1145.79	-3.52888
850.067	1144.78	-3.52888
850.478	1143.78	-3.52888
850.889	1142.77	-3.52888
851.3	1141.76	-3.52888
851.711	1140.75	-3.52888
852.122	1139.75	-3.52888
852.533	1138.74	-3.52888
852.944	1137.73	-3.52888
853.355	1136.72	-3.52888
853.766	1135.72	-3.52888
854.177	1134.71	-3.52888
854.588	1133.7	-3.52888
854.998	1132.69	-3.52888
855.409	1131.69	-3.52888
855.82	1130.68	-3.52888
856.231	1129.67	-3.52888
856.642	1128.66	-3.52888
857.053	1127.66	-3.52888
857.464	1126.65	-3.52888
857.875	1125.64	-3.52888
858.286	1124.63	-3.52888
858.697	1123.63	-3.52888
859.108	1122.62	-3.52888
859.519	1121.61	-3.52888
859.93	1120.6	-3.52888
860.341	1119.6	-3.52888
860.752	1118.59	-3.52888
861.163	1117.58	-3.52888
861.574	1116.57	-3.52888
861.985	1115.57	-3.52888
862.396	1114.56	-3.52888
862.807	1113.55	-3.52888
863.217	1112.54	-3.52888
863.628	1111.54	-3.52888
864.039	1110.53	-3.52888
864.45	1109.52	-3.52888
864.861	1108.51	-3.52888
865.272	1107.51	-3.52888
865.683	1106.5	-3.52888
866.094	1105.49	-3.52888
866.505	1104.48	-3.52888
866.916	1103.48	-3.52888
867.327	1102.47	-3.52888
867.738	1101.46	-3.52888
868.149	1100.45	-3.52888
868.56	1099.45	-3.52888
868.971	1098.44	-3.52888
869.382	1097.43	-3.52888
869.793	1096.42	-3.52888
870.204	1095.42	-3.52888
870.615	1094.41	-3.52888
871.025	1093.4	-3.52888
871.436	1092.39	-3.52888
871.847	1091.39	-3.52888
872.258	1090.38	-3.52888
872.669	1089.37	-3.52888
873.08	1088.36	-3.52888
873.491	1087.36	-3.52888
873.902	1086.35	-3.52888
874.313	1085.34	-3.52888
874.724	1084.33	-3.52888
875.135	1083.33	-3.52888
875.546	1082.32	-3.52888
875.957	1081.31	-3.52888
876.368	1080.3	-3.52888
876.779	1079.3	-3.52888
877.19	1078.29	-3.52888
877.601	1077.28	-3.52888
878.012	1076.27	-3.52888
878.423	1075.27	-3.52888
878.834	1074.26	-3.52888
879.244	1073.25	-3.52888
879.655	1072.24	-3.52888
880.066	1071.24	-3.52888
880.477	1070.23	-3.52888
880.888	1069.22	-3.52888
881.299	1068.21	-3.52888
881.71	1067.21	-3.52888
882.121	1066.2	-3.52888
882.532	1065.19	-3.52888
882.943	1064.18	-3.52888
883.354	1063.18	-3.52888
883.765	1062.17	-3.52888
884.176	1061.16	-3.52888
884.587	1060.15	-3.52888
884.998	1059.15	-3.52888
885.409	1058.14	-3.52888
885.82	1057.13	-3.52888
886.231	1056.12	-3.52888
886.642	1055.12	-3.52888
887.052	1054.11	-3.52888
887.463	1053.1	-3.52888
887.874	1052.09	-3.52888
888.285	1051.09	-3.52888
888.696	1050.08	-3.52888
889.107	1049.07	-3.52888
889.518	1048.06	-3.52888
889.929	1047.06	-3.52888
890.34	1046.05	-3.52888
890.751	1045.04	-3.52888
891.162	1044.03	-3.52888
891.573	1043.03	-3.52888
891.984	1042.02	-3.52888
892.395	1041.01	-3.52888
892.806	1040	-3.52888
893.217	1039	-3.52888
893.628	1037.99	-3.52888
894.039	1036.98	-3.52888
894.45	1035.97	-3.52888
894.861	1034.97	-3.52888
895.271	1033.96	-3.52888
895.682	1032.95	-3.52888
896.093	1031.94	-3.52888
896.504	1030.94	-3.52888
896.915	1029.93	-3.52888
897.326	1028.92	-3.52888
897.737	1027.91	-3.52888
898.148	1026.91	-3.52888
898.559	1025.9	-3.52888
898.97	1024.89	-3.52888
899.381	1023.88	-3.52888
899.792	1022.88	-3.52888
900.203	1021.87	-3.52888
900.614	1020.86	-3.52888
901.025	1019.85	-3.52888
901.436	1018.85	-3.52888
901.847	1017.84	-3.52888
902.258	1016.83	-3.52888
902.669	1015.82	-3.52888
903.079	1014.82	-3.52888
903.49	1013.81	-3.52888
903.901	1012.8	-3.52888
904.312	1011.79	-3.52888
904.723	1010.78	-3.52888
905.134	1009.78	-3.52888
905.545	1008.77	-3.52888
905.956	1007.76	-3.52888
906.367	1006.75	-3.52888
906.778	1005.75	-3.52888
907.189	1004.74	-3.52888
907.6	1003.73	-3.52888
908.011	1002.72	-3.52888
908.422	1001.72	-3.52888
908.833	1000.71	-3.52888
909.244	999.702	-3.52888
909.655	998.695	-3.52888
910.066	997.687	-3.52888
910.477	996.68	-3.52888
910.888	995.672	-3.52888
911.298	994.665	-3.52888
911.709	993.657	-3.52888
912.12	992.65	-3.52888
912.531	991.642	-3.52888
912.942	990.635	-3.52888
913.353	989.627	-3.52888
913.764	988.62	-3.52888
914.175	987.612	-3.52888
914.586	986.605	-3.52888
914.997	985.597	-3.52888
915.408	984.589	-3.52888
915.819	983.582	-3.52888
916.23	982.574	-3.52888
916.641	981.567	-3.52888
917.052	980.559	-3.52888
917.463	979.552	-3.52888
917.874	978.544	-3.52888
918.285	977.537	-3.52888
918.696	976.529	-3.52888
919.106	975.522	-3.52888
919.517	974.514	-3.52888
919.928	973.507	-3.52888
920.339	972.499	-3.52888
920.75	971.492	-3.52888
921.161	970.484	-3.52888
921.572	969.477	-3.52888
921.983	968.469	-3.52888
922.394	967.462	-3.52888
922.805	966.454	-3.52888
923.216	965.447	-3.52888
923.627	964.439	-3.52888
924.038	963.432	-3.52888
924.449	962.424	-3.52888
924.86	961.417	-3.52888
925.271	960.409	-3.52888
925.682	959.402	-3.52888
926.093	958.394	-3.52888
926.504	957.387	-3.52888
926.914	956.379	-3.52888
927.325	955.371	-3.52888
927.736	954.364	-3.52888
928.147	953.356	-3.52888
928.558	952.349	-3.52888
928.969	951.341	-3.52888
929.38	950.334	-3.52888
929.791	949.326	-3.52888
930.202	948.319	-3.52888
930.613	947.311	-3.52888
931.024	946.304	-3.52888
931.435	945.296	-3.52888
931.846	944.289	-3.52888
932.257	943.281	-3.52888
932.668	942.274	-3.52888
933.079	941.266	-3.52888
933.49	940.259	-3.52888
933.901	939.251	-3.52888
934.312	938.244	-3.52888
934.723	937.236	-3.52888
935.133	936.229	-3.52888
935.544	935.221	-3.52888
935.955	934.214	-3.52888
936.366	933.206	-3.52888
936.777	932.199	-3.52888
937.188	931.191	-3.52888
937.599	930.184	-3.52888
938.01	929.176	-3.52888
938.421	928.169	-3.52888
938.832	927.161	-3.52888
939.243	926.153	-3.52888
939.654	925.146	-3.52888
940.065	924.138	-3.52888
940.476	923.131	-3.52888
940.887	922.123	-3.52888
941.298	921.116	-3.52888
941.709	920.108	-3.52888
942.12	919.101	-3.52888
942.531	918.093	-3.52888
942.941	917.086	-3.52888
943.352	916.078	-3.52888
943.763	915.071	-3.52888
944.174	914.063	-3.52888
944.585	913.056	-3.52888
944.996	912.048	-3.52888
945.407	911.041	-3.52888
945.818	910.033	-3.52888
946.229	909.026	-3.52888
946.64	908.018	-3.52888
947.051	907.011	-3.52888
947.462	906.003	-3.52888
947.873	904.996	-3.52888
948.284	903.988	-3.52888
948.695	902.981	-3.52888
949.106	901.973	-3.52888
949.517	900.966	-3.52888
949.928	899.958	-3.52888
950.339	898.951	-3.52888
950.75	897.943	-3.52888
951.16	896.935	-3.52888
951.571	895.928	-3.52888
951.982	894.92	-3.52888
952.393	893.913	-3.52888
952.804	892.905	-3.52888
953.215	891.898	-3.52888
953.626	890.89	-3.52888
954.037	889.883	-3.52888
954.448	888.875	-3.52888
954.859	887.868	-3.52888
955.27	886.86	-3.52888
955.681	885.853	-3.52888
956.092	884.845	-3.52888
956.503	883.838	-3.52888
956.914	882.83	-3.52888
957.325	881.823	-3.52888
957.736	880.815	-3.52888
958.147	879.808	-3.52888
958.558	878.8	-3.52888
958.968	877.793	-3.52888
959.379	876.785	-3.52888
959.79	875.778	-3.52888
960.201	874.77	-3.52888
960.612	873.763	-3.52888
961.023	872.755	-3.52888
961.434	871.748	-3.52888
961.845	870.74	-3.52888
962.256	869.733	-3.52888
962.667	868.725	-3.52888
963.078	867.717	-3.52888
963.489	866.71	-3.52888
963.9	865.702	-3.52888
964.311	864.695	-3.52888
964.722	863.687	-3.52888
965.133	862.68	-3.52888
965.544	861.672	-3.52888
965.955	860.665	-3.52888
966.366	859.657	-3.52888
966.777	858.65	-3.52888
967.187	857.642	-3.52888
967.598	856.635	-3.52888
968.009	855.627	-3.52888
968.42	854.62	-3.52888
968.831	853.612	-3.52888
969.242	852.605	-3.52888
969.653	851.597	-3.52888
970.064	850.59	-3.52888
970.475	849.582	-3.52888
970.886	848.575	-3.52888
971.297	847.567	-3.52888
971.708	846.56	-3.52888
972.119	845.552	-3.52888
972.53	844.545	-3.52888
972.941	843.537	-3.52888
973.352	842.53	-3.52888
973.763	841.522	-3.52888
974.174	840.515	-3.52888
974.585	839.507	-3.52888
974.995	838.499	-3.52888
975.406	837.492	-3.52888
975.817	836.484	-3.52888
976.228	835.477	-3.52888
976.639	834.469	-3.52888
977.05	833.462	-3.52888
977.461	832.454	-3.52888
977.872	831.447	-3.52888
978.283	830.439	-3.52888
978.694	829.432	-3.52888
979.105	828.424	-3.52888
979.516	827.417	-3.52888
979.927	826.409	-3.52888
980.338	825.402	-3.52888
980.749	824.394	-3.52888
981.16	823.387	-3.52888
981.571	822.379	-3.52888
981.982	821.372	-3.52888
982.393	820.364	-3.52888
982.804	819.357	-3.52888
983.214	818.349	-3.52888
983.625	817.342	-3.52888
984.036	816.334	-3.52888
984.447	815.327	-3.52888
984.858	814.319	-3.52888
985.269	813.312	-3.52888
985.68	812.304	-3.52888
986.091	811.297	-3.52888
986.502	810.289	-3.52888
986.913	809.281	-3.52888
987.324	808.274	-3.52888
987.735	807.266	-3.52888
988.146	806.259	-3.52888
988.557	805.251	-3.52888
988.968	804.244	-3.52888
989.379	803.236	-3.52888
989.79	802.229	-3.52888
990.201	801.221	-3.52888
990.612	800.214	-3.52888
991.022	799.206	-3.52888
991.433	798.199	-3.52888
991.844	797.191	-3.52888
992.255	796.184	-3.52888
992.666	795.176	-3.52888
993.077	794.169	-3.52888
993.488	793.161	-3.52888
993.899	792.154	-3.52888
994.31	791.146	-3.52888
994.721	790.139	-3.52888
995.132	789.131	-3.52888
995.543	788.124	-3.52888
995.954	787.116	-3.52888
996.365	786.109	-3.52888
996.776	785.101	-3.52888
997.187	784.094	-3.52888
997.598	783.086	-3.52888
998.009	782.079	-3.52888
998.42	781.071	-3.52888
998.831	780.063	-3.52888
999.241	779.056	-3.52888
999.652	778.048	-3.52888
1000.06	777.041	-3.52888
1000.47	776.033	-3.52888
1000.89	775.026	-3.52888
1001.3	774.018	-3.52888
1001.71	773.011	-3.52888
1002.12	772.003	-3.52888
1002.53	770.996	-3.52888
1002.94	769.988	-3.52888
1003.35	768.981	-3.52888
1003.76	767.973	-3.52888
1004.17	766.966	-3.52888
1004.58	765.958	-3.52888
1004.99	764.951	-3.52888
1005.41	763.943	-3.52888
1005.82	762.936	-3.52888
1006.23	761.928	-3.52888
1006.64	760.921	-3.52888
1007.05	759.913	-3.52888
1007.46	758.906	-3.52888
1007.87	757.898	-3.52888
1008.28	756.891	-3.52888
1008.69	755.883	-3.52888
1009.1	754.876	-3.52888
1009.52	753.868	-3.52888
1009.93	752.861	-3.52888
1010.34	751.853	-3.52888
1010.75	750.846	-3.52888
1011.16	749.838	-3.52888
1011.57	748.83	-3.52888
1011.98	747.823	-3.52888
1012.39	746.815	-3.52888
1012.8	745.808	-3.52888
1013.21	744.8	-3.52888
1013.62	743.793	-3.52888
1014.04	742.785	-3.52888
1014.45	741.778	-3.52888
1014.86	740.77	-3.52888
1015.27	739.763	-3.52888
1015.68	738.755	-3.52888
1016.09	737.748	-3.52888
1016.5	736.74	-3.52888
1016.91	735.733	-3.52888
1017.32	734.725	-3.52888
1017.73	733.718	-3.52888
1018.15	732.71	-3.52888
1018.56	731.703	-3.52888
1018.97	730.695	-3.52888
1019.38	729.688	-3.52888
1019.79	728.68	-3.52888
1020.2	727.673	-3.52888
1020.61	726.665	-3.52888
1021.02	725.658	-3.52888
1021.43	724.65	-3.52888
1021.84	723.643	-3.52888
1022.25	722.635	-3.52888
1022.67	721.628	-3.52888
1023.08	720.62	-3.52888
1023.49	719.612	-3.52888
1023.9	718.605	-3.52888
1024.31	717.597	-3.52888
1024.72	716.59	-3.52888
1025.13	715.582	-3.52888
1025.54	714.575	-3.52888
1025.95	713.567	-3.52888
1026.36	712.56	-3.52888
1026.78	711.552	-3.52888
1027.19	710.545	-3.52888
1027.6	709.537	-3.52888
1028.01	708.53	-3.52888
1028.42	707.522	-3.52888
1028.83	706.515	-3.52888
1029.24	705.507	-3.52888
1029.65	704.5	-3.52888
1030.06	703.492	-3.52888
1030.47	702.485	-3.52888
1030.88	701.477	-3.52888
1031.3	700.47	-3.52888
1031.71	699.462	-3.52888
1032.12	698.455	-3.52888
1032.53	697.447	-3.52888
1032.94	696.44	-3.52888
1033.35	695.432	-3.52888
1033.76	694.425	-3.52888
1034.17	693.417	-3.52888
1034.58	692.41	-3.52888
1034.99	691.402	-3.52888
1035.4	690.394	-3.52888
1035.82	689.387	-3.52888
1036.23	688.379	-3.52888
1036.64	687.372	-3.52888
1037.05	686.364	-3.52888
1037.46	685.357	-3.52888
1037.87	684.349	-3.52888
1038.28	683.342	-3.52888
1038.69	682.334	-3.52888
1039.1	681.327	-3.52888
1039.51	680.319	-3.52888
1039.93	679.312	-3.52888
1040.34	678.304	-3.52888
1040.75	677.297	-3.52888
1041.16	676.289	-3.52888
1041.57	675.282	-3.52888
1041.98	674.274	-3.52888
1042.39	673.267	-3.52888
1042.8	672.259	-3.52888
1043.21	671.252	-3.52888
1043.62	670.244	-3.52888
1044.03	669.237	-3.52888
1044.45	668.229	-3.52888
1044.86	667.222	-3.52888
1045.27	666.214	-3.52888
1045.68	665.207	-3.52888
1046.09	664.199	-3.52888
1046.5	663.192	-3.52888
1046.91	662.184	-3.52888
1047.32	661.176	-3.52888
1047.73	660.169	-3.52888
1048.14	659.161	-3.52888
1048.56	658.154	-3.52888
1048.97	657.146	-3.52888
1049.38	656.139	-3.52888
1049.79	655.131	-3.52888
1050.2	654.124	-3.52888
1050.61	653.116	-3.52888
1051.02	652.109	-3.52888
1051.43	651.101	-3.52888
1051.84	650.094	-3.52888
1052.25	649.086	-3.52888
1052.66	648.079	-3.52888
1053.08	647.071	-3.52888
1053.49	646.064	-3.52888
1053.9	645.056	-3.52888
1054.31	644.049	-3.52888
1054.72	643.041	-3.52888
1055.13	642.034	-3.52888
1055.54	641.026	-3.52888
1055.95	640.019	-3.52888
1056.36	639.011	-3.52888
1056.77	638.004	-3.52888
1057.19	636.996	-3.52888
1057.6	635.989	-3.52888
1058.01	634.981	-3.52888
1058.42	633.974	-3.52888
1058.83	632.966	-3.52888
1059.24	631.958	-3.52888
1059.65	630.951	-3.52888
1060.06	629.943	-3.52888
1060.47	628.936	-3.52888
1060.88	627.928	-3.52888
1061.29	626.921	-3.52888
1061.71	625.913	-3.52888
1062.12	624.906	-3.52888
1062.53	623.898	-3.52888
1062.94	622.891	-3.52888
1063.35	621.883	-3.52888
1063.76	620.876	-3.52888
1064.17	619.868	-3.52888
1064.58	618.861	-3.52888
1064.99	617.853	-3.52888
1065.4	616.846	-3.52888
1065.82	615.838	-3.52888
1066.23	614.831	-3.52888
1066.64	613.823	-3.52888
1067.05	612.816	-3.52888
1067.46	611.808	-3.52888
1067.87	610.801	-3.52888
1068.28	609.793	-3.52888
1068.69	608.786	-3.52888
1069.1	607.778	-3.52888
1069.51	606.771	-3.52888
1069.92	605.763	-3.52888
1070.34	604.756	-3.52888
1070.75	603.748	-3.52888
1071.16	602.74	-3.52888
1071.57	601.733	-3.52888
1071.98	600.725	-3.52888
1072.39	599.718	-3.52888
1072.8	598.71	-3.52888
1073.21	597.703	-3.52888
1073.62	596.695	-3.52888
1074.03	595.688	-3.52888
1074.45	594.68	-3.52888
1074.86	593.673	-3.52888
1075.27	592.665	-3.52888
1075.68	591.658	-3.52888
1076.09	590.65	-3.52888
1076.5	589.643	-3.52888
1076.91	588.635	-3.52888
1077.32	587.628	-3.52888
1077.73	586.62	-3.52888
1078.14	585.613	-3.52888
1078.55	584.605	-3.52888
1078.97	583.598	-3.52888
1079.38	582.59	-3.52888
1079.79	581.583	-3.52888
1080.2	580.575	-3.52888
1080.61	579.568	-3.52888
1081.02	578.56	-3.52888
1081.43	577.553	-3.52888
1081.84	576.545	-3.52888
1082.25	575.538	-3.52888
1082.66	574.53	-3.52888
1083.07	573.522	-3.52888
1083.49	572.515	-3.52888
1083.9	571.507	-3.52888
1084.31	570.5	-3.52888
1084.72	569.492	-3.52888
1085.13	568.485	-3.52888
1085.54	567.477	-3.52888
1085.95	566.47	-3.52888
1086.36	565.462	-3.52888
1086.77	564.455	-3.52888
1087.18	563.447	-3.52888
1087.6	562.44	-3.52888
1088.01	561.432	-3.52888
1088.42	560.425	-3.52888
1088.83	559.417	-3.52888
1089.24	558.41	-3.52888
1089.65	557.402	-3.52888
1090.06	556.395	-3.52888
1090.47	555.387	-3.52888
1090.88	554.38	-3.52888
1091.29	553.372	-3.52888
1091.7	552.365	-3.52888
1092.12	551.357	-3.52888
1092.53	550.35	-3.52888
1092.94	549.342	-3.52888
1093.35	548.335	-3.52888
1093.76	547.327	-3.52888
1094.17	546.32	-3.52888
1094.58	545.312	-3.52888
1094.99	544.304	-3.52888
1095.4	543.297	-3.52888
1095.81	542.289	-3.52888
1096.23	541.282	-3.52888
1096.64	540.274	-3.52888
1097.05	539.267	-3.52888
1097.46	538.259	-3.52888
1097.87	537.252	-3.52888
1098.28	536.244	-3.52888
1098.69	535.237	-3.52888
1099.1	534.229	-3.52888
1099.51	533.222	-3.52888
1099.92	532.214	-3.52888
1100.33	531.207	-3.52888
1100.75	530.199	-3.52888
1101.16	529.192	-3.52888
1101.57	528.184	-3.52888
1101.98	527.177	-3.52888
1102.39	526.169	-3.52888
1102.8	525.162	-3.52888
1103.21	524.154	-3.52888
1103.62	523.147	-3.52888
1104.03	522.139	-3.52888
1104.44	521.132	-3.52888
1104.86	520.124	-3.52888
1105.27	519.117	-3.52888
1105.68	518.109	-3.52888
1106.09	517.102	-3.52888
1106.5	516.094	-3.52888
1106.91	515.086	-3.52888
1107.32	514.079	-3.52888
1107.73	513.071	-3.52888
1108.14	512.064	-3.52888
1108.55	511.056	-3.52888
1108.96	510.049	-3.52888
1109.38	509.041	-3.52888
1109.79	508.034	-3.52888
1110.2	507.026	-3.52888
1110.61	506.019	-3.52888
1111.02	505.011	-3.52888
1111.43	504.004	-3.52888
1111.84	502.996	-3.52888
1112.25	501.989	-3.52888
1112.66	500.981	-3.52888
1113.07	499.974	-3.52888
1113.49	498.966	-3.52888
1113.9	497.959	-3.52888
1114.31	496.951	-3.52888
1114.72	495.944	-3.52888
1115.13	494.936	-3.52888
1115.54	493.929	-3.52888
1115.95	492.921	-3.52888
1116.36	491.914	-3.52888
1116.77	490.906	-3.52888
1117.18	489.899	-3.52888
1117.59	488.891	-3.52888
1118.01	487.884	-3.52888
1118.42	486.876	-3.52888
1118.83	485.868	-3.52888
1119.24	484.861	-3.52888
1119.65	483.853	-3.52888
1120.06	482.846	-3.52888
1120.47	481.838	-3.52888
1120.88	480.831	-3.52888
1121.29	479.823	-3.52888
1121.7	478.816	-3.52888
1122.12	477.808	-3.52888
1122.53	476.801	-3.52888
1122.94	475.793	-3.52888
1123.35	474.786	-3.52888
1123.76	473.778	-3.52888
1124.17	472.771	-3.52888
1124.58	471.763	-3.52888
1124.99	470.756	-3.52888
1125.4	469.748	-3.52888
1125.81	468.741	-3.52888
1126.22	467.733	-3.52888
1126.64	466.726	-3.52888
1127.05	465.718	-3.52888
1127.46	464.711	-3.52888
1127.87	463.703	-3.52888
1128.28	462.696	-3.52888
1128.69	461.688	-3.52888
1129.1	460.681	-3.52888
1129.51	459.673	-3.52888
1129.92	458.666	-3.52888
1130.33	457.658	-3.52888
1130.75	456.65	-3.52888
1131.16	455.643	-3.52888
1131.57	454.635	-3.52888
1131.98	453.628	-3.52888
1132.39	452.62	-3.52888
1132.8	451.613	-3.52888
1133.21	450.605	-3.52888
1133.62	449.598	-3.52888
1134.03	448.59	-3.52888
1134.44	447.583	-3.52888
1134.85	446.575	-3.52888
1135.27	445.568	-3.52888
1135.68	444.56	-3.52888
1136.09	443.553	-3.52888
1136.5	442.545	-3.52888
1136.91	441.538	-3.52888
1137.32	440.53	-3.52888
1137.73	439.523	-3.52888
1138.14	438.515	-3.52888
1138.55	437.508	-3.52888
1138.96	436.5	-3.52888
1139.37	435.493	-3.52888
1139.79	434.485	-3.52888
1140.2	433.478	-3.52888
1140.61	432.47	-3.52888
1141.02	431.463	-3.52888
1141.43	430.455	-3.52888
1141.84	429.448	-3.52888
1142.25	428.44	-3.52888
1142.66	427.432	-3.52888
1143.07	426.425	-3.52888
1143.48	425.417	-3.52888
1143.9	424.41	-3.52888
1144.31	423.402	-3.52888
1144.72	422.395	-3.52888
1145.13	421.387	-3.52888
1145.54	420.38	-3.52888
1145.95	419.372	-3.52888
1146.36	418.365	-3.52888
1146.77	417.357	-3.52888
1147.18	416.35	-3.52888
1147.59	415.342	-3.52888
1148	414.335	-3.52888
1148.42	413.327	-3.52888
1148.83	412.32	-3.52888
1149.24	411.312	-3.52888
1149.65	410.305	-3.52888
1150.06	409.297	-3.52888
1150.47	408.29	-3.52888
1150.88	407.282	-3.52888
1151.29	406.275	-3.52888
1151.7	405.267	-3.52888
1152.11	404.26	-3.52888
1152.53	403.252	-3.52888
1152.94	402.245	-3.52888
1153.35	401.237	-3.52888
1153.76	400.23	-3.52888
1154.17	399.222	-3.52888
1154.58	398.214	-3.52888
1154.99	397.207	-3.52888
1155.4	396.199	-3.52888
1155.81	395.192	-3.52888
1156.22	394.184	-3.52888
1156.63	393.177	-3.52888
1157.05	392.169	-3.52888
1157.46	391.162	-3.52888
1157.87	390.154	-3.52888
1158.28	389.147	-3.52888
1158.69	388.139	-3.52888
1159.1	387.132	-3.52888
1159.51	386.124	-3.52888
1159.92	385.117	-3.52888
1160.33	384.109	-3.52888
1160.74	383.102	-3.52888
1161.16	382.094	-3.52888
1161.57	381.087	-3.52888
1161.98	380.079	-3.52888
1162.39	379.072	-3.52888
1162.8	378.064	-3.52888
1163.21	377.057	-3.52888
1163.62	376.049	-3.52888
1164.03	375.042	-3.52888
1164.44	374.034	-3.52888
1164.85	373.027	-3.52888
1165.26	372.019	-3.52888
1165.68	371.012	-3.52888
1166.09	370.004	-3.52888
1166.5	368.996	-3.52888
1166.91	367.989	-3.52888
1167.32	366.981	-3.52888
1167.73	365.974	-3.52888
1168.14	364.966	-3.52888
1168.55	363.959	-3.52888
1168.96	362.951	-3.52888
1169.37	361.944	-3.52888
1169.79	360.936	-3.52888
1170.2	359.929	-3.52888
1170.61	358.921	-3.52888
1171.02	357.914	-3.52888
1171.43	356.906	-3.52888
1171.84	355.899	-3.52888
1172.25	354.891	-3.52888
1172.66	353.884	-3.52888
1173.07	352.876	-3.52888
1173.48	351.869	-3.52888
1173.89	350.861	-3.52888
1174.31	349.854	-3.52888
1174.72	348.846	-3.52888
1175.13	347.839	-3.52888
1175.54	346.831	-3.52888
1175.95	345.824	-3.52888
1176.36	344.816	-3.52888
1176.77	343.809	-3.52888
1177.18	342.801	-3.52888
1177.59	341.794	-3.52888
1178	340.786	-3.52888
1178.42	339.778	-3.52888
1178.83	338.771	-3.52888
1179.24	337.763	-3.52888
1179.65	336.756	-3.52888
1180.06	335.748	-3.52888
1180.47	334.741	-3.52888
1180.88	333.733	-3.52888
1181.29	332.726	-3.52888
1181.7	331.718	-3.52888
1182.11	330.711	-3.52888
1182.52	329.703	-3.52888
1182.94	328.696	-3.52888
1183.35	327.688	-3.52888
1183.76	326.681	-3.52888
1184.17	325.673	-3.52888
1184.58	324.666	-3.52888
1184.99	323.658	-3.52888
1185.4	322.651	-3.52888
1185.81	321.643	-3.52888
1186.22	320.636	-3.52888
1186.63	319.628	-3.52888
1187.04	318.621	-3.52888
1187.46	317.613	-3.52888
1187.87	316.606	-3.52888
1188.28	315.598	-3.52888
1188.69	314.591	-3.52888
1189.1	313.583	-3.52888
1189.51	312.576	-3.52888
1189.92	311.568	-3.52888
1190.33	310.56	-3.52888
1190.74	309.553	-3.52888
1191.15	308.545	-3.52888
1191.57	307.538	-3.52888
1191.98	306.53	-3.52888
1192.39	305.523	-3.52888
1192.8	304.515	-3.52888
1193.21	303.508	-3.52888
1193.62	302.5	-3.52888
1194.03	301.493	-3.52888
1194.44	300.485	-3.52888
1194.85	299.478	-3.52888
1195.26	298.47	-3.52888
1195.67	297.463	-3.52888
1196.09	296.455	-3.52888
1196.5	295.448	-3.52888
1196.91	294.44	-3.52888
1197.32	293.433	-3.52888
1197.73	292.425	-3.52888
1198.14	291.418	-3.52888
1198.55	290.41	-3.52888
1198.96	289.403	-3.52888
1199.37	288.408	-3.52888
1199.77	287.425	-3.52888
1200.16	286.456	-3.52888
1200.55	285.498	-3.52888
1200.94	284.554	-3.52888
1201.32	283.622	-3.52888
1201.7	282.703	-3.52888
1202.07	281.796	-3.52888
1202.43	280.902	-3.52888
1202.79	280.02	-3.52888
1203.14	279.151	-3.52888
1203.49	278.295	-3.52888
1203.84	277.451	-3.52888
1204.18	276.62	-3.52888
1204.51	275.801	-3.52888
1204.84	274.995	-3.52888
1205.16	274.202	-3.52888
1205.48	273.421	-3.52888
1205.79	272.653	-3.52888
1206.1	271.897	-3.52888
1206.41	271.154	-3.52888
1206.7	270.424	-3.52888
1207	269.706	-3.52888
1207.28	269	-3.52888
1207.57	268.308	-3.52888
1207.84	267.628	-3.52888
1208.12	266.96	-3.52888
1208.38	266.305	-3.52888
1208.65	265.663	-3.52888
1208.9	265.033	-3.52888
1209.15	264.416	-3.52888
1209.4	263.812	-3.52888
1209.64	263.22	-3.52888
1209.88	262.64	-3.52888
1210.11	262.074	-3.52888
1210.34	261.52	-3.52888
1210.56	260.978	-3.52888
1210.77	260.449	-3.52888
1210.98	259.933	-3.52888
1211.19	259.429	-3.52888
1211.39	258.938	-3.52888
1211.58	258.459	-3.52888
1211.77	257.993	-3.52888
1211.96	257.54	-3.52888
1212.14	257.099	-3.52888
1212.31	256.671	-3.52888
1212.48	256.255	-3.52888
1212.65	255.852	-3.52888
1212.81	255.462	-3.52888
1212.96	255.084	-3.52888
1213.11	254.719	-3.52888
1213.25	254.366	-3.52888
1213.39	254.026	-3.52888
1213.53	253.699	-3.52888
1213.65	253.384	-3.52888
1213.78	253.082	-3.52888
1213.9	252.792	-3.52888
1214.01	252.515	-3.52888
1214.12	252.25	-3.52888
1214.22	251.999	-3.52888
1214.32	251.759	-3.52888
1214.41	251.533	-3.52888
1214.5	251.318	-3.52888
1214.58	251.117	-3.52888
1214.66	250.928	-3.52888
1214.73	250.752	-3.52888
1214.79	250.588	-3.52888
1214.86	250.437	-3.52888
1214.91	250.298	-3.52888
1214.96	250.172	-3.52888
1215.01	250.059	-3.52888
1215.05	249.958	-3.52888
