65536  0 0
65536  0 -6553
65536  0 -6553
65536  1 -6553
65536  2 -6553
65536  3 -6553
65536  5 -6553
65536  7 -6552
65536  9 -6552
131071  11 -6552
131071  13 -13105
131071  16 -13105
131071  19 -13105
131070  22 -13104
131070  26 -13104
131069  30 -13104
131069  34 -13103
131069  38 -13103
131068  42 -13102
131068  47 -13102
131067  52 -13101
131067  57 -13101
131066  63 -13100
131066  69 -13099
131065  75 -13099
131064  81 -13098
131064  87 -13097
131063  94 -13097
131062  101 -13096
131062  108 -13095
131061  116 -13094
131060  124 -13093
131059  132 -13092
131058  140 -13091
131058  148 -13091
131057  157 -13090
131056  166 -13089
131055  175 -13088
131054  185 -13087
131053  195 -13085
131052  205 -13084
131051  215 -13083
131050  225 -13082
131049  236 -13081
131048  247 -13080
131047  258 -13079
131045  270 -13077
131044  282 -13076
131043  294 -13075
131042  306 -13073
131041  318 -13072
131039  331 -13071
131038  344 -13069
131037  357 -13068
131035  371 -13066
131034  385 -13065
131033  399 -13063
131031  413 -13062
131030  427 -13060
131028  442 -13058
131027  457 -13057
131025  472 -13055
131024  488 -13053
131022  504 -13052
131020  520 -13050
131019  536 -13048
131017  552 -13046
131016  569 -13044
131014  586 -13043
131012  603 -13041
131010  621 -13039
131009  639 -13037
131007  657 -13035
131005  675 -13033
131003  693 -13031
131001  712 -13029
130999  731 -13027
130997  750 -13024
130995  770 -13022
130993  790 -13020
130991  810 -13018
130989  830 -13016
130987  850 -13013
130985  870 -13011
130983  890 -13009
130981  910 -13007
130979  930 -13005
130977  950 -13002
130975  970 -13000
130973  990 -12998
130971  1010 -12996
130969  1030 -12994
130967  1050 -12991
130965  1070 -12989
130963  1090 -12987
130961  1110 -12985
130959  1130 -12983
130957  1150 -12980
130955  1170 -12978
130953  1190 -12976
130951  1210 -12974
130949  1230 -12972
130947  1250 -12969
130945  1270 -12967
130943  1290 -12965
130941  1310 -12963
130939  1330 -12961
130937  1350 -12958
130935  1370 -12956
130933  1390 -12954
130931  1410 -12952
130929  1430 -12950
130927  1450 -12947
130925  1470 -12945
130923  1490 -12943
130921  1510 -12941
130919  1530 -12939
130917  1550 -12936
130915  1570 -12934
130913  1590 -12932
130911  1610 -12930
130909  1630 -12928
130907  1650 -12925
130905  1670 -12923
130903  1690 -12921
130901  1710 -12919
130899  1730 -12917
130897  1750 -12914
130895  1770 -12912
130893  1790 -12910
130891  1810 -12908
130889  1830 -12906
130887  1850 -12903
130885  1870 -12901
130883  1890 -12899
130881  1910 -12897
130879  1930 -12895
130877  1950 -12892
130875  1970 -12890
130873  1990 -12888
130871  2010 -12886
130869  2030 -12884
130867  2050 -12881
130865  2070 -12879
130863  2090 -12877
130861  2110 -12875
130859  2130 -12873
130857  2150 -12870
130855  2170 -12868
130853  2190 -12866
130851  2210 -12864
130849  2230 -12862
130847  2250 -12859
130845  2270 -12857
130843  2290 -12855
130841  2310 -12853
130839  2330 -12851
130837  2350 -12848
130835  2370 -12846
130833  2390 -12844
130831  2410 -12842
130829  2430 -12840
130827  2450 -12837
130825  2470 -12835
130823  2490 -12833
130821  2510 -12831
130819  2530 -12829
130817  2550 -12826
130815  2570 -12824
130813  2590 -12822
130811  2610 -12820
130809  2630 -12818
130807  2650 -12815
130805  2670 -12813
130803  2690 -12811
130801  2710 -12809
130799  2730 -12807
130797  2750 -12804
130795  2770 -12802
130793  2790 -12800
130791  2810 -12798
130789  2830 -12796
130787  2850 -12793
130785  2870 -12791
130783  2890 -12789
130781  2910 -12787
130779  2930 -12785
130777  2950 -12782
130775  2970 -12780
130773  2990 -12778
130771  3010 -12776
130769  3030 -12774
130767  3050 -12771
130765  3070 -12769
130763  3090 -12767
130761  3110 -12765
130759  3130 -12763
130757  3150 -12760
130755  3170 -12758
130753  3190 -12756
130751  3210 -12754
130749  3230 -12752
130747  3250 -12749
130745  3270 -12747
130743  3290 -12745
130741  3310 -12743
130739  3330 -12741
130737  3350 -12738
130735  3370 -12736
130733  3390 -12734
130731  3410 -12732
130729  3430 -12730
130727  3450 -12727
130725  3470 -12725
130723  3490 -12723
130721  3510 -12721
130719  3530 -12719
130717  3550 -12716
130715  3570 -12714
130713  3590 -12712
130711  3610 -12710
130709  3630 -12708
130707  3650 -12705
130705  3670 -12703
130703  3690 -12701
130701  3710 -12699
130699  3730 -12697
130697  3750 -12694
130695  3770 -12692
130693  3790 -12690
130691  3810 -12688
130689  3830 -12686
130687  3850 -12683
130685  3870 -12681
130683  3890 -12679
130681  3910 -12677
130679  3930 -12675
130677  3950 -12672
130675  3970 -12670
130673  3990 -12668
130671  4010 -12666
130669  4030 -12664
130667  4050 -12661
130665  4070 -12659
130663  4090 -12657
130661  4110 -12655
130659  4130 -12653
130657  4150 -12650
130655  4170 -12648
130653  4190 -12646
130651  4210 -12644
130649  4230 -12642
130647  4250 -12639
130645  4270 -12637
130643  4290 -12635
130641  4310 -12633
130639  4330 -12631
130637  4350 -12628
130635  4370 -12626
130633  4390 -12624
130631  4410 -12622
130629  4430 -12620
130627  4450 -12617
130625  4470 -12615
130623  4490 -12613
130621  4510 -12611
130619  4530 -12609
130617  4550 -12606
130615  4570 -12604
130613  4590 -12602
130611  4610 -12600
130609  4630 -12598
130607  4650 -12595
130605  4670 -12593
130603  4690 -12591
130601  4710 -12589
130599  4730 -12587
130597  4750 -12584
130595  4770 -12582
130593  4790 -12580
130591  4810 -12578
130589  4830 -12576
130587  4850 -12573
130585  4870 -12571
130583  4890 -12569
130581  4910 -12567
130579  4930 -12565
130577  4950 -12562
130575  4970 -12560
130573  4990 -12558
130571  5010 -12556
130569  5030 -12554
130567  5050 -12551
130565  5070 -12549
130563  5090 -12547
130561  5110 -12545
130559  5130 -12543
130557  5150 -12540
130555  5170 -12538
130553  5190 -12536
130551  5210 -12534
130549  5230 -12532
130547  5250 -12529
130545  5270 -12527
130543  5290 -12525
130541  5310 -12523
130539  5330 -12521
130537  5350 -12518
130535  5370 -12516
130533  5390 -12514
130531  5410 -12512
130529  5430 -12510
130527  5450 -12507
130525  5470 -12505
130523  5490 -12503
130521  5510 -12501
130519  5530 -12499
130517  5550 -12496
130515  5570 -12494
130513  5590 -12492
130511  5610 -12490
130509  5630 -12488
130507  5650 -12485
130505  5670 -12483
130503  5690 -12481
130501  5710 -12479
130499  5730 -12477
130497  5750 -12474
130495  5770 -12472
130493  5790 -12470
130491  5810 -12468
130489  5830 -12466
130487  5850 -12463
130485  5870 -12461
130483  5890 -12459
130481  5910 -12457
130479  5930 -12455
130477  5950 -12452
130475  5970 -12450
130473  5990 -12448
130471  6010 -12446
130469  6030 -12444
130467  6050 -12441
130465  6070 -12439
130463  6090 -12437
130461  6110 -12435
130459  6130 -12433
130457  6150 -12430
130455  6170 -12428
130453  6190 -12426
130451  6210 -12424
130449  6230 -12422
130447  6250 -12419
130445  6270 -12417
130443  6290 -12415
130441  6310 -12413
130439  6330 -12411
130437  6350 -12408
130435  6370 -12406
130433  6390 -12404
130431  6410 -12402
130429  6430 -12400
130427  6450 -12397
130425  6470 -12395
130423  6490 -12393
130421  6510 -12391
130419  6530 -12389
130417  6550 -12386
130415  6570 -12384
130413  6590 -12382
130411  6610 -12380
130409  6630 -12378
130407  6650 -12375
130405  6670 -12373
130403  6690 -12371
130401  6710 -12369
130399  6730 -12367
130397  6750 -12364
130395  6770 -12362
130393  6790 -12360
130391  6810 -12358
130389  6830 -12356
130387  6850 -12353
130385  6870 -12351
130383  6890 -12349
130381  6910 -12347
130379  6930 -12345
130377  6950 -12342
130375  6970 -12340
130373  6990 -12338
130371  7010 -12336
130369  7030 -12334
130367  7050 -12331
130365  7070 -12329
130363  7090 -12327
130361  7110 -12325
130359  7130 -12323
130357  7150 -12320
130355  7170 -12318
130353  7190 -12316
130351  7210 -12314
130349  7230 -12312
130347  7250 -12309
130345  7270 -12307
130343  7290 -12305
130341  7310 -12303
130339  7330 -12301
130337  7350 -12298
130335  7370 -12296
130333  7390 -12294
130331  7410 -12292
130329  7430 -12290
130327  7450 -12287
130325  7470 -12285
130323  7490 -12283
130321  7510 -12281
130319  7530 -12279
130317  7550 -12276
130315  7570 -12274
130313  7590 -12272
130311  7610 -12270
130309  7630 -12268
130307  7650 -12265
130305  7670 -12263
130303  7690 -12261
130301  7710 -12259
130299  7730 -12257
130297  7750 -12254
130295  7770 -12252
130293  7790 -12250
130291  7810 -12248
130289  7830 -12246
130287  7850 -12243
130285  7870 -12241
130283  7890 -12239
130281  7910 -12237
130279  7930 -12235
130277  7950 -12232
130275  7970 -12230
130273  7990 -12228
130271  8010 -12226
130269  8030 -12224
130267  8050 -12221
130265  8070 -12219
130263  8090 -12217
130261  8110 -12215
130259  8130 -12213
130257  8150 -12210
130255  8170 -12208
130253  8190 -12206
130251  8210 -12204
130249  8230 -12202
130247  8250 -12199
130245  8270 -12197
130243  8290 -12195
130241  8310 -12193
130239  8330 -12191
130237  8350 -12188
130235  8370 -12186
130233  8390 -12184
130231  8410 -12182
130229  8430 -12180
130227  8450 -12177
130225  8470 -12175
130223  8490 -12173
130221  8510 -12171
130219  8530 -12169
130217  8550 -12166
130215  8570 -12164
130213  8590 -12162
130211  8610 -12160
130209  8630 -12158
130207  8650 -12155
130205  8670 -12153
130203  8690 -12151
130201  8710 -12149
130199  8730 -12147
130197  8750 -12144
130195  8770 -12142
130193  8790 -12140
130191  8810 -12138
130189  8830 -12136
130187  8850 -12133
130185  8870 -12131
130183  8890 -12129
130181  8910 -12127
130179  8930 -12125
130177  8950 -12122
130175  8970 -12120
130173  8990 -12118
130171  9010 -12116
130169  9030 -12114
130167  9050 -12111
130165  9070 -12109
130163  9090 -12107
130161  9110 -12105
130159  9130 -12103
130157  9150 -12100
130155  9170 -12098
130153  9190 -12096
130151  9210 -12094
130149  9230 -12092
130147  9250 -12089
130145  9270 -12087
130143  9290 -12085
130141  9310 -12083
130139  9330 -12081
130137  9350 -12078
130135  9370 -12076
130133  9390 -12074
130131  9410 -12072
130129  9430 -12070
130127  9450 -12067
130125  9470 -12065
130123  9490 -12063
130121  9510 -12061
130119  9530 -12059
130117  9550 -12056
130115  9570 -12054
130113  9590 -12052
130111  9610 -12050
130109  9630 -12048
130107  9650 -12045
130105  9670 -12043
130103  9690 -12041
130101  9710 -12039
130099  9730 -12037
130097  9750 -12034
130095  9770 -12032
130093  9790 -12030
130091  9810 -12028
130089  9830 -12026
130087  9850 -12023
130085  9870 -12021
130083  9890 -12019
130081  9910 -12017
130079  9930 -12015
130077  9950 -12012
130075  9970 -12010
130073  9990 -12008
130071  10010 -12006
130069  10030 -12004
130067  10050 -12001
130065  10070 -11999
130063  10090 -11997
130061  10110 -11995
130059  10130 -11993
130057  10150 -11990
130055  10170 -11988
130053  10190 -11986
130051  10210 -11984
130049  10230 -11982
130047  10250 -11979
130045  10270 -11977
130043  10290 -11975
130041  10310 -11973
130039  10330 -11971
130037  10350 -11968
130035  10370 -11966
130033  10390 -11964
130031  10410 -11962
130029  10430 -11960
130027  10450 -11957
130025  10470 -11955
130023  10490 -11953
130021  10510 -11951
130019  10530 -11949
130017  10550 -11946
130015  10570 -11944
130013  10590 -11942
130011  10610 -11940
130009  10630 -11938
130007  10650 -11935
130005  10670 -11933
130003  10690 -11931
130001  10710 -11929
129999  10730 -11927
129997  10750 -11924
129995  10770 -11922
129993  10790 -11920
129991  10810 -11918
129989  10830 -11916
129987  10850 -11913
129985  10870 -11911
129983  10890 -11909
129981  10910 -11907
129979  10930 -11905
129977  10950 -11902
129975  10970 -11900
129973  10990 -11898
129971  11010 -11896
129969  11030 -11894
129967  11050 -11891
129965  11070 -11889
129963  11090 -11887
129961  11110 -11885
129959  11130 -11883
129957  11150 -11880
129955  11170 -11878
129953  11190 -11876
129951  11210 -11874
129949  11230 -11872
129947  11250 -11869
129945  11270 -11867
129943  11290 -11865
129941  11310 -11863
129939  11330 -11861
129937  11350 -11858
129935  11370 -11856
129933  11390 -11854
129931  11410 -11852
129929  11430 -11850
129927  11450 -11847
129925  11470 -11845
129923  11490 -11843
129921  11510 -11841
129919  11530 -11839
129917  11550 -11836
129915  11570 -11834
129913  11590 -11832
129911  11610 -11830
129909  11630 -11828
129907  11650 -11825
129905  11670 -11823
129903  11690 -11821
129901  11710 -11819
129899  11730 -11817
129897  11750 -11814
129895  11770 -11812
129893  11790 -11810
129891  11810 -11808
129889  11830 -11806
129887  11850 -11803
129885  11870 -11801
129883  11890 -11799
129881  11910 -11797
129879  11930 -11795
129877  11950 -11792
129875  11970 -11790
129873  11990 -11788
129871  12010 -11786
129869  12030 -11784
129867  12050 -11781
129865  12070 -11779
129863  12090 -11777
129861  12110 -11775
129859  12130 -11773
129857  12150 -11770
129855  12170 -11768
129853  12190 -11766
129851  12210 -11764
129849  12230 -11762
129847  12250 -11759
129845  12270 -11757
129843  12290 -11755
129841  12310 -11753
129839  12330 -11751
129837  12350 -11748
129835  12370 -11746
129833  12390 -11744
129831  12410 -11742
129829  12430 -11740
129827  12450 -11737
129825  12470 -11735
129823  12490 -11733
129821  12510 -11731
129819  12530 -11729
129817  12550 -11726
129815  12570 -11724
129813  12590 -11722
129811  12610 -11720
129809  12630 -11718
129807  12650 -11715
129805  12670 -11713
129803  12690 -11711
129801  12710 -11709
129799  12730 -11707
129797  12750 -11704
129795  12770 -11702
129793  12790 -11700
129791  12810 -11698
129789  12830 -11696
129787  12850 -11693
129785  12870 -11691
129783  12890 -11689
129781  12910 -11687
129779  12930 -11685
129777  12950 -11682
129775  12970 -11680
129773  12990 -11678
129771  13010 -11676
129769  13030 -11674
129767  13050 -11671
129765  13070 -11669
129763  13090 -11667
129761  13110 -11665
129759  13130 -11663
129757  13150 -11660
129755  13170 -11658
129753  13190 -11656
129751  13210 -11654
129749  13230 -11652
129747  13250 -11649
129745  13270 -11647
129743  13290 -11645
129741  13310 -11643
129739  13330 -11641
129737  13350 -11638
129735  13370 -11636
129733  13390 -11634
129731  13410 -11632
129729  13430 -11630
129727  13450 -11627
129725  13470 -11625
129723  13490 -11623
129721  13510 -11621
129719  13530 -11619
129717  13550 -11616
129715  13570 -11614
129713  13590 -11612
129711  13610 -11610
129709  13630 -11608
129707  13650 -11605
129705  13670 -11603
129703  13690 -11601
129701  13710 -11599
129699  13730 -11597
129697  13750 -11594
129695  13770 -11592
129693  13790 -11590
129691  13810 -11588
129689  13830 -11586
129687  13850 -11583
129685  13870 -11581
129683  13890 -11579
129681  13910 -11577
129679  13930 -11575
129677  13950 -11572
129675  13970 -11570
129673  13990 -11568
129671  14010 -11566
129669  14030 -11564
129667  14050 -11561
129665  14070 -11559
129663  14090 -11557
129661  14110 -11555
129659  14130 -11553
129657  14150 -11550
129655  14170 -11548
129653  14190 -11546
129651  14210 -11544
129649  14230 -11542
129647  14250 -11539
129645  14270 -11537
129643  14290 -11535
129641  14310 -11533
129639  14330 -11531
129637  14350 -11528
129635  14370 -11526
129633  14390 -11524
129631  14410 -11522
129629  14430 -11520
129627  14450 -11517
129625  14470 -11515
129623  14490 -11513
129621  14510 -11511
129619  14530 -11509
129617  14550 -11506
129615  14570 -11504
129613  14590 -11502
129611  14610 -11500
129609  14630 -11498
129607  14650 -11495
129605  14670 -11493
129603  14690 -11491
129601  14710 -11489
129599  14730 -11487
129597  14750 -11484
129595  14770 -11482
129593  14790 -11480
129591  14810 -11478
129589  14830 -11476
129587  14850 -11473
129585  14870 -11471
129583  14890 -11469
129581  14910 -11467
129579  14930 -11465
129577  14950 -11462
129575  14970 -11460
129573  14990 -11458
129571  15010 -11456
129569  15030 -11454
129567  15050 -11451
129565  15070 -11449
129563  15090 -11447
129561  15110 -11445
129559  15130 -11443
129557  15150 -11440
129555  15170 -11438
129553  15190 -11436
129551  15210 -11434
129549  15230 -11432
129547  15250 -11429
129545  15270 -11427
129543  15290 -11425
129541  15310 -11423
129539  15330 -11421
129537  15350 -11418
129535  15370 -11416
129533  15390 -11414
129531  15410 -11412
129529  15430 -11410
129527  15450 -11407
129525  15470 -11405
129523  15490 -11403
129521  15510 -11401
129519  15530 -11399
129517  15550 -11396
129515  15570 -11394
129513  15590 -11392
129511  15610 -11390
129509  15630 -11388
129507  15650 -11385
129505  15670 -11383
129503  15690 -11381
129501  15710 -11379
129499  15730 -11377
129497  15750 -11374
129495  15770 -11372
129493  15790 -11370
129491  15810 -11368
129489  15830 -11366
129487  15850 -11363
129485  15870 -11361
129483  15890 -11359
129481  15910 -11357
129479  15930 -11355
129477  15950 -11352
129475  15970 -11350
129473  15990 -11348
129471  16010 -11346
129469  16030 -11344
129467  16050 -11341
129465  16070 -11339
129463  16090 -11337
129461  16110 -11335
129459  16130 -11333
129457  16150 -11330
129455  16170 -11328
129453  16190 -11326
129451  16210 -11324
129449  16230 -11322
129447  16250 -11319
129445  16270 -11317
129443  16290 -11315
129441  16310 -11313
129439  16330 -11311
129437  16350 -11308
129435  16370 -11306
129433  16390 -11304
129431  16410 -11302
129429  16430 -11300
129427  16450 -11297
129425  16470 -11295
129423  16490 -11293
129421  16510 -11291
129419  16530 -11289
129417  16550 -11286
129415  16570 -11284
129413  16590 -11282
129411  16610 -11280
129409  16630 -11278
129407  16650 -11275
129405  16670 -11273
129403  16690 -11271
129401  16710 -11269
129399  16730 -11267
129397  16750 -11264
129395  16770 -11262
129393  16790 -11260
129391  16810 -11258
129389  16830 -11256
129387  16850 -11253
129385  16870 -11251
129383  16890 -11249
129381  16910 -11247
129379  16930 -11245
129377  16950 -11242
129375  16970 -11240
129373  16990 -11238
129371  17010 -11236
129369  17030 -11234
129367  17050 -11231
129365  17070 -11229
129363  17090 -11227
129361  17110 -11225
129359  17130 -11223
129357  17150 -11220
129355  17170 -11218
129353  17190 -11216
129351  17210 -11214
129349  17230 -11212
129347  17250 -11209
129345  17270 -11207
129343  17290 -11205
129341  17310 -11203
129339  17330 -11201
129337  17350 -11198
129335  17370 -11196
129333  17390 -11194
129331  17410 -11192
129329  17430 -11190
129327  17450 -11187
129325  17470 -11185
129323  17490 -11183
129321  17510 -11181
129319  17530 -11179
129317  17550 -11176
129315  17570 -11174
129313  17590 -11172
129311  17610 -11170
129309  17630 -11168
129307  17650 -11165
129305  17670 -11163
129303  17690 -11161
129301  17710 -11159
129299  17730 -11157
129297  17750 -11154
129295  17770 -11152
129293  17790 -11150
129291  17810 -11148
129289  17830 -11146
129287  17850 -11143
129285  17870 -11141
129283  17890 -11139
129281  17910 -11137
129279  17930 -11135
129277  17950 -11132
129275  17970 -11130
129273  17990 -11128
129271  18010 -11126
129269  18030 -11124
129267  18050 -11121
129265  18070 -11119
129263  18090 -11117
129261  18110 -11115
129259  18130 -11113
129257  18150 -11110
129255  18170 -11108
129253  18190 -11106
129251  18210 -11104
129249  18230 -11102
129247  18250 -11099
129245  18270 -11097
129243  18290 -11095
129241  18310 -11093
129239  18330 -11091
129237  18350 -11088
129235  18370 -11086
129233  18390 -11084
129231  18410 -11082
129229  18430 -11080
129227  18450 -11077
129225  18470 -11075
129223  18490 -11073
129221  18510 -11071
129219  18530 -11069
129217  18550 -11066
129215  18570 -11064
129213  18590 -11062
129211  18610 -11060
129209  18630 -11058
129207  18650 -11055
129205  18670 -11053
129203  18690 -11051
129201  18710 -11049
129199  18730 -11047
129197  18750 -11044
129195  18770 -11042
129193  18790 -11040
129191  18810 -11038
129189  18830 -11036
129187  18850 -11033
129185  18870 -11031
129183  18890 -11029
129181  18910 -11027
129179  18930 -11025
129177  18950 -11022
129175  18970 -11020
129173  18990 -11018
129171  19010 -11016
129169  19030 -11014
129167  19050 -11011
129165  19070 -11009
129163  19090 -11007
129161  19110 -11005
129159  19130 -11003
129157  19150 -11000
129155  19170 -10998
129153  19190 -10996
129151  19210 -10994
129149  19230 -10992
129147  19250 -10989
129145  19270 -10987
129143  19290 -10985
129141  19310 -10983
129139  19330 -10981
129137  19350 -10978
129135  19370 -10976
129133  19390 -10974
129131  19410 -10972
129129  19430 -10970
129127  19450 -10967
129125  19470 -10965
129123  19490 -10963
129121  19510 -10961
129119  19530 -10959
129117  19550 -10956
129115  19570 -10954
129113  19590 -10952
129111  19610 -10950
129109  19630 -10948
129107  19650 -10945
129105  19670 -10943
129103  19690 -10941
129101  19710 -10939
129099  19730 -10937
129097  19750 -10934
129095  19770 -10932
129093  19790 -10930
129091  19810 -10928
129089  19830 -10926
129087  19850 -10923
129085  19870 -10921
129083  19890 -10919
129081  19910 -10917
129079  19930 -10915
129077  19950 -10912
129075  19970 -10910
129073  19990 -10908
129071  20010 -10906
129069  20030 -10904
129067  20050 -10901
129065  20070 -10899
129063  20090 -10897
129061  20110 -10895
129059  20130 -10893
129057  20150 -10890
129055  20170 -10888
129053  20190 -10886
129051  20210 -10884
129049  20230 -10882
129047  20250 -10879
129045  20270 -10877
129043  20290 -10875
129041  20310 -10873
129039  20330 -10871
129037  20350 -10868
129035  20370 -10866
129033  20390 -10864
129031  20410 -10862
129029  20430 -10860
129027  20450 -10857
129025  20470 -10855
129023  20490 -10853
129021  20510 -10851
129019  20530 -10849
129017  20550 -10846
129015  20570 -10844
129013  20590 -10842
129011  20610 -10840
129009  20630 -10838
129007  20650 -10835
129005  20670 -10833
129003  20690 -10831
129001  20710 -10829
128999  20730 -10827
128997  20750 -10824
128995  20770 -10822
128993  20790 -10820
128991  20810 -10818
128989  20830 -10816
128987  20850 -10813
128985  20870 -10811
128983  20890 -10809
128981  20910 -10807
128979  20930 -10805
128977  20950 -10802
128975  20970 -10800
128973  20990 -10798
128971  21010 -10796
128969  21030 -10794
128967  21050 -10791
128965  21070 -10789
128963  21090 -10787
128961  21110 -10785
128959  21130 -10783
128957  21150 -10780
128955  21170 -10778
128953  21190 -10776
128951  21210 -10774
128949  21230 -10772
128947  21250 -10769
128945  21270 -10767
128943  21290 -10765
128941  21310 -10763
128939  21330 -10761
128937  21350 -10758
128935  21370 -10756
128933  21390 -10754
128931  21410 -10752
128929  21430 -10750
128927  21450 -10747
128925  21470 -10745
128923  21490 -10743
128921  21510 -10741
128919  21530 -10739
128917  21550 -10736
128915  21570 -10734
128913  21590 -10732
128911  21610 -10730
128909  21630 -10728
128907  21650 -10725
128905  21670 -10723
128903  21690 -10721
128901  21710 -10719
128899  21730 -10717
128897  21750 -10714
128895  21770 -10712
128893  21790 -10710
128891  21810 -10708
128889  21830 -10706
128887  21850 -10703
128885  21870 -10701
128883  21890 -10699
128881  21910 -10697
128879  21930 -10695
128877  21950 -10692
128875  21970 -10690
128873  21990 -10688
128871  22010 -10686
128869  22030 -10684
128867  22050 -10681
128865  22070 -10679
128863  22090 -10677
128861  22110 -10675
128859  22130 -10673
128857  22150 -10670
128855  22170 -10668
128853  22190 -10666
128851  22210 -10664
128849  22230 -10662
128847  22250 -10659
128845  22270 -10657
128843  22290 -10655
128841  22310 -10653
128839  22330 -10651
128837  22350 -10648
128835  22370 -10646
128833  22390 -10644
128831  22410 -10642
128829  22430 -10640
128827  22450 -10637
128825  22470 -10635
128823  22490 -10633
128821  22510 -10631
128819  22530 -10629
128817  22550 -10626
128815  22570 -10624
128813  22590 -10622
128811  22610 -10620
128809  22630 -10618
128807  22650 -10615
128805  22670 -10613
128803  22690 -10611
128801  22710 -10609
128799  22730 -10607
128797  22750 -10604
128795  22770 -10602
128793  22790 -10600
128791  22810 -10598
128789  22830 -10596
128787  22850 -10593
128785  22870 -10591
128783  22890 -10589
128781  22910 -10587
128779  22930 -10585
128777  22950 -10582
128775  22970 -10580
128773  22990 -10578
128771  23010 -10576
128769  23030 -10574
128767  23050 -10571
128765  23070 -10569
128763  23090 -10567
128761  23110 -10565
128759  23130 -10563
128757  23150 -10560
128755  23170 -10558
128753  23190 -10556
128751  23210 -10554
128749  23230 -10552
128747  23250 -10549
128745  23270 -10547
128743  23290 -10545
128741  23310 -10543
128739  23330 -10541
128737  23350 -10538
128735  23370 -10536
128733  23390 -10534
128731  23410 -10532
128729  23430 -10530
128727  23450 -10527
128725  23470 -10525
128723  23490 -10523
128721  23510 -10521
128719  23530 -10519
128717  23550 -10516
128715  23570 -10514
128713  23590 -10512
128711  23610 -10510
128709  23630 -10508
128707  23650 -10505
128705  23670 -10503
128703  23690 -10501
128701  23710 -10499
128699  23730 -10497
128697  23750 -10494
128695  23770 -10492
128693  23790 -10490
128691  23810 -10488
128689  23830 -10486
128687  23850 -10483
128685  23870 -10481
128683  23890 -10479
128681  23910 -10477
128679  23930 -10475
128677  23950 -10472
128675  23970 -10470
128673  23990 -10468
128671  24010 -10466
128669  24030 -10464
128667  24050 -10461
128665  24070 -10459
128663  24090 -10457
128661  24110 -10455
128659  24130 -10453
128657  24150 -10450
128655  24170 -10448
128653  24190 -10446
128651  24210 -10444
128649  24230 -10442
128647  24250 -10439
128645  24270 -10437
128643  24290 -10435
128641  24310 -10433
128639  24330 -10431
128637  24350 -10428
128635  24370 -10426
128633  24390 -10424
128631  24410 -10422
128629  24430 -10420
128627  24450 -10417
128625  24470 -10415
128623  24490 -10413
128621  24510 -10411
128619  24530 -10409
128617  24550 -10406
128615  24570 -10404
128613  24590 -10402
128611  24610 -10400
128609  24630 -10398
128607  24650 -10395
128605  24670 -10393
128603  24690 -10391
128601  24710 -10389
128599  24730 -10387
128597  24750 -10384
128595  24770 -10382
128593  24790 -10380
128591  24810 -10378
128589  24830 -10376
128587  24850 -10373
128585  24870 -10371
128583  24890 -10369
128581  24910 -10367
128579  24930 -10365
128577  24950 -10362
128575  24970 -10360
128573  24990 -10358
128571  25010 -10356
128569  25030 -10354
128567  25050 -10351
128565  25070 -10349
128563  25090 -10347
128561  25110 -10345
128559  25130 -10343
128557  25150 -10340
128555  25170 -10338
128553  25190 -10336
128551  25210 -10334
128549  25230 -10332
128547  25250 -10329
128545  25270 -10327
128543  25290 -10325
128541  25310 -10323
128539  25330 -10321
128537  25350 -10318
128535  25370 -10316
128533  25390 -10314
128531  25410 -10312
128529  25430 -10310
128527  25450 -10307
128525  25470 -10305
128523  25490 -10303
128521  25510 -10301
128519  25530 -10299
128517  25550 -10296
128515  25570 -10294
128513  25590 -10292
128511  25610 -10290
128509  25630 -10288
128507  25650 -10285
128505  25670 -10283
128503  25690 -10281
128501  25710 -10279
128499  25730 -10277
128497  25750 -10274
128495  25770 -10272
128493  25790 -10270
128491  25810 -10268
128489  25830 -10266
128487  25850 -10263
128485  25870 -10261
128483  25890 -10259
128481  25910 -10257
128479  25930 -10255
128477  25950 -10252
128475  25970 -10250
128473  25990 -10248
128471  26010 -10246
128469  26030 -10244
128467  26050 -10241
128465  26070 -10239
128463  26090 -10237
128461  26110 -10235
128459  26130 -10233
128457  26150 -10230
128455  26170 -10228
128453  26190 -10226
128451  26210 -10224
128449  26230 -10222
128447  26250 -10219
128445  26270 -10217
128443  26290 -10215
128441  26310 -10213
128439  26330 -10211
128437  26350 -10208
128435  26370 -10206
128433  26390 -10204
128431  26410 -10202
128429  26430 -10200
128427  26450 -10197
128425  26470 -10195
128423  26490 -10193
128421  26510 -10191
128419  26530 -10189
128417  26550 -10186
128415  26570 -10184
128413  26590 -10182
128411  26610 -10180
128409  26630 -10178
128407  26650 -10175
128405  26670 -10173
128403  26690 -10171
128401  26710 -10169
128399  26730 -10167
128397  26750 -10164
128395  26770 -10162
128393  26790 -10160
128391  26810 -10158
128389  26830 -10156
128387  26850 -10153
128385  26870 -10151
128383  26890 -10149
128381  26910 -10147
128379  26930 -10145
128377  26950 -10142
128375  26970 -10140
128373  26990 -10138
128371  27010 -10136
128369  27030 -10134
128367  27050 -10131
128365  27070 -10129
128363  27090 -10127
128361  27110 -10125
128359  27130 -10123
128357  27150 -10120
128355  27170 -10118
128353  27190 -10116
128351  27210 -10114
128349  27230 -10112
128347  27250 -10109
128345  27270 -10107
128343  27290 -10105
128341  27310 -10103
128339  27330 -10101
128337  27350 -10098
128335  27370 -10096
128333  27390 -10094
128331  27410 -10092
128329  27430 -10090
128327  27450 -10087
128325  27470 -10085
128323  27490 -10083
128321  27510 -10081
128319  27530 -10079
128317  27550 -10076
128315  27570 -10074
128313  27590 -10072
128311  27610 -10070
128309  27630 -10068
128307  27650 -10065
128305  27670 -10063
128303  27690 -10061
128301  27710 -10059
128299  27730 -10057
128297  27750 -10054
128295  27770 -10052
128293  27790 -10050
128291  27810 -10048
128289  27830 -10046
128287  27850 -10043
128285  27870 -10041
128283  27890 -10039
128281  27910 -10037
128279  27930 -10035
128277  27950 -10032
128275  27970 -10030
128273  27990 -10028
128271  28010 -10026
128269  28030 -10024
128267  28050 -10021
128265  28070 -10019
128263  28090 -10017
128261  28110 -10015
128259  28130 -10013
128257  28150 -10010
128255  28170 -10008
128253  28190 -10006
128251  28210 -10004
128249  28230 -10002
128247  28250 -9999
128245  28270 -9997
128243  28290 -9995
128241  28310 -9993
128239  28330 -9991
128237  28350 -9988
128235  28370 -9986
128233  28390 -9984
128231  28410 -9982
128229  28430 -9980
128227  28450 -9977
128225  28470 -9975
128223  28490 -9973
128221  28510 -9971
128219  28530 -9969
128217  28550 -9966
128215  28570 -9964
128213  28590 -9962
128211  28610 -9960
128209  28630 -9958
128207  28650 -9955
128205  28670 -9953
128203  28690 -9951
128201  28710 -9949
128199  28730 -9947
128197  28750 -9944
128195  28770 -9942
128193  28790 -9940
128191  28810 -9938
128189  28830 -9936
128187  28850 -9933
128185  28870 -9931
128183  28890 -9929
128181  28910 -9927
128179  28930 -9925
128177  28950 -9922
128175  28970 -9920
128173  28990 -9918
128171  29010 -9916
128169  29030 -9914
128167  29050 -9911
128165  29070 -9909
128163  29090 -9907
128161  29110 -9905
128159  29130 -9903
128157  29150 -9900
128155  29170 -9898
128153  29190 -9896
128151  29210 -9894
128149  29230 -9892
128147  29250 -9889
128145  29270 -9887
128143  29290 -9885
128141  29310 -9883
128139  29330 -9881
128137  29350 -9878
128135  29370 -9876
128133  29390 -9874
128131  29410 -9872
128129  29430 -9870
128127  29450 -9867
128125  29470 -9865
128123  29490 -9863
128121  29510 -9861
128119  29530 -9859
128117  29550 -9856
128115  29570 -9854
128113  29590 -9852
128111  29610 -9850
128109  29630 -9848
128107  29650 -9845
128105  29670 -9843
128103  29690 -9841
128101  29710 -9839
128099  29730 -9837
128097  29750 -9834
128095  29770 -9832
128093  29790 -9830
128091  29810 -9828
128089  29830 -9826
128087  29850 -9823
128085  29870 -9821
128083  29890 -9819
128081  29910 -9817
128079  29930 -9815
128077  29950 -9812
128075  29970 -9810
128073  29990 -9808
128071  30010 -9806
128069  30030 -9804
128067  30050 -9801
128065  30070 -9799
128063  30090 -9797
128061  30110 -9795
128059  30130 -9793
128057  30150 -9790
128055  30170 -9788
128053  30190 -9786
128051  30210 -9784
128049  30230 -9782
128047  30250 -9779
128045  30270 -9777
128043  30290 -9775
128041  30310 -9773
128039  30330 -9771
128037  30350 -9768
128035  30370 -9766
128033  30390 -9764
128031  30410 -9762
128029  30430 -9760
128027  30450 -9757
128025  30470 -9755
128023  30490 -9753
128021  30510 -9751
128019  30530 -9749
128017  30550 -9746
128015  30570 -9744
128013  30590 -9742
128011  30610 -9740
128009  30630 -9738
128007  30650 -9735
128005  30670 -9733
128003  30690 -9731
128001  30710 -9729
127999  30730 -9727
127997  30750 -9724
127995  30770 -9722
127993  30790 -9720
127991  30810 -9718
127989  30830 -9716
127987  30850 -9713
127985  30870 -9711
127983  30890 -9709
127981  30910 -9707
127979  30930 -9705
127977  30950 -9702
127975  30970 -9700
127973  30990 -9698
127971  31010 -9696
127969  31030 -9694
127967  31050 -9691
127965  31070 -9689
127963  31090 -9687
127961  31110 -9685
127959  31130 -9683
127957  31150 -9680
127955  31170 -9678
127953  31190 -9676
127951  31210 -9674
127949  31230 -9672
127947  31250 -9669
127945  31270 -9667
127943  31290 -9665
127941  31310 -9663
127939  31330 -9661
127937  31350 -9658
127935  31370 -9656
127933  31390 -9654
127931  31410 -9652
127929  31430 -9650
127927  31450 -9647
127925  31470 -9645
127923  31490 -9643
127921  31510 -9641
127919  31530 -9639
127917  31550 -9636
127915  31570 -9634
127913  31590 -9632
127911  31610 -9630
127909  31630 -9628
127907  31650 -9625
127905  31670 -9623
127903  31690 -9621
127901  31710 -9619
127899  31730 -9617
127897  31750 -9614
127895  31770 -9612
127893  31790 -9610
127891  31810 -9608
127889  31830 -9606
127887  31850 -9603
127885  31870 -9601
127883  31890 -9599
127881  31910 -9597
127879  31930 -9595
127877  31950 -9592
127875  31970 -9590
127873  31990 -9588
127871  32010 -9586
127869  32030 -9584
127867  32050 -9581
127865  32070 -9579
127863  32090 -9577
127861  32110 -9575
127859  32130 -9573
127857  32150 -9570
127855  32170 -9568
127853  32190 -9566
127851  32210 -9564
127849  32230 -9562
127847  32250 -9559
127845  32270 -9557
127843  32290 -9555
127841  32310 -9553
127839  32330 -9551
127837  32350 -9548
127835  32370 -9546
127833  32390 -9544
127831  32410 -9542
127829  32430 -9540
127827  32450 -9537
127825  32470 -9535
127823  32490 -9533
127821  32510 -9531
127819  32530 -9529
127817  32550 -9526
127815  32570 -9524
127813  32590 -9522
127811  32610 -9520
127809  32630 -9518
127807  32650 -9515
127805  32670 -9513
127803  32690 -9511
127801  32710 -9509
127799  32730 -9507
127797  32750 -9504
127795  32770 -9502
127793  32790 -9500
127791  32810 -9498
127789  32830 -9496
127787  32850 -9493
127785  32870 -9491
127783  32890 -9489
127781  32910 -9487
127779  32930 -9485
127777  32950 -9482
127775  32970 -9480
127773  32990 -9478
127771  33010 -9476
127769  33030 -9474
127767  33050 -9471
127765  33070 -9469
127763  33090 -9467
127761  33110 -9465
127759  33130 -9463
127757  33150 -9460
127755  33170 -9458
127753  33190 -9456
127751  33210 -9454
127749  33230 -9452
127747  33250 -9449
127745  33270 -9447
127743  33290 -9445
127741  33310 -9443
127739  33330 -9441
127737  33350 -9438
127735  33370 -9436
127733  33390 -9434
127731  33410 -9432
127729  33430 -9430
127727  33450 -9427
127725  33470 -9425
127723  33490 -9423
127721  33510 -9421
127719  33530 -9419
127717  33550 -9416
127715  33570 -9414
127713  33590 -9412
127711  33610 -9410
127709  33630 -9408
127707  33650 -9405
127705  33670 -9403
127703  33690 -9401
127701  33710 -9399
127699  33730 -9397
127697  33750 -9394
127695  33770 -9392
127693  33790 -9390
127691  33810 -9388
127689  33830 -9386
127687  33850 -9383
127685  33870 -9381
127683  33890 -9379
127681  33910 -9377
127679  33930 -9375
127677  33950 -9372
127675  33970 -9370
127673  33990 -9368
127671  34010 -9366
127669  34030 -9364
127667  34050 -9361
127665  34070 -9359
127663  34090 -9357
127661  34110 -9355
127659  34130 -9353
127657  34150 -9350
127655  34170 -9348
127653  34190 -9346
127651  34210 -9344
127649  34230 -9342
127647  34250 -9339
127645  34270 -9337
127643  34290 -9335
127641  34310 -9333
127639  34330 -9331
127637  34350 -9328
127635  34370 -9326
127633  34390 -9324
127631  34410 -9322
127629  34430 -9320
127627  34450 -9317
127625  34470 -9315
127623  34490 -9313
127621  34510 -9311
127619  34530 -9309
127617  34550 -9306
127615  34570 -9304
127613  34590 -9302
127611  34610 -9300
127609  34630 -9298
127607  34650 -9295
127605  34670 -9293
127603  34690 -9291
127601  34710 -9289
127599  34730 -9287
127597  34750 -9284
127595  34770 -9282
127593  34790 -9280
127591  34810 -9278
127589  34830 -9276
127587  34850 -9273
127585  34870 -9271
127583  34890 -9269
127581  34910 -9267
127579  34930 -9265
127577  34950 -9262
127575  34970 -9260
127573  34990 -9258
127571  35010 -9256
127569  35030 -9254
127567  35050 -9251
127565  35070 -9249
127563  35090 -9247
127561  35110 -9245
127559  35130 -9243
127557  35150 -9240
127555  35170 -9238
127553  35190 -9236
127551  35210 -9234
127549  35230 -9232
127547  35250 -9229
127545  35270 -9227
127543  35290 -9225
127541  35310 -9223
127539  35330 -9221
127537  35350 -9218
127535  35370 -9216
127533  35390 -9214
127531  35410 -9212
127529  35430 -9210
127527  35450 -9207
127525  35470 -9205
127523  35490 -9203
127521  35510 -9201
127519  35530 -9199
127517  35550 -9196
127515  35570 -9194
127513  35590 -9192
127511  35610 -9190
127509  35630 -9188
127507  35650 -9185
127505  35670 -9183
127503  35690 -9181
127501  35710 -9179
127499  35730 -9177
127497  35750 -9174
127495  35770 -9172
127493  35790 -9170
127491  35810 -9168
127489  35830 -9166
127487  35850 -9163
127485  35870 -9161
127483  35890 -9159
127481  35910 -9157
127479  35930 -9155
127477  35950 -9152
127475  35970 -9150
127473  35990 -9148
127471  36010 -9146
127469  36030 -9144
127467  36050 -9141
127465  36070 -9139
127463  36090 -9137
127461  36110 -9135
127459  36130 -9133
127457  36150 -9130
127455  36170 -9128
127453  36190 -9126
127451  36210 -9124
127449  36230 -9122
127447  36250 -9119
127445  36270 -9117
127443  36290 -9115
127441  36310 -9113
127439  36330 -9111
127437  36350 -9108
127435  36370 -9106
127433  36390 -9104
127431  36410 -9102
127429  36430 -9100
127427  36450 -9097
127425  36470 -9095
127423  36490 -9093
127421  36510 -9091
127419  36530 -9089
127417  36550 -9086
127415  36570 -9084
127413  36590 -9082
127411  36610 -9080
127409  36630 -9078
127407  36650 -9075
127405  36670 -9073
127403  36690 -9071
127401  36710 -9069
127399  36730 -9067
127397  36750 -9064
127395  36770 -9062
127393  36790 -9060
127391  36810 -9058
127389  36830 -9056
127387  36850 -9053
127385  36870 -9051
127383  36890 -9049
127381  36910 -9047
127379  36930 -9045
127377  36950 -9042
127375  36970 -9040
127373  36990 -9038
127371  37010 -9036
127369  37030 -9034
127367  37050 -9031
127365  37070 -9029
127363  37090 -9027
127361  37110 -9025
127359  37130 -9023
127357  37150 -9020
127355  37170 -9018
127353  37190 -9016
127351  37210 -9014
127349  37230 -9012
127347  37250 -9009
127345  37270 -9007
127343  37290 -9005
127341  37310 -9003
127339  37330 -9001
127337  37350 -8998
127335  37370 -8996
127333  37390 -8994
127331  37410 -8992
127329  37430 -8990
127327  37450 -8987
127325  37470 -8985
127323  37490 -8983
127321  37510 -8981
127319  37530 -8979
127317  37550 -8976
127315  37570 -8974
127313  37590 -8972
127311  37610 -8970
127309  37630 -8968
127307  37650 -8965
127305  37670 -8963
127303  37690 -8961
127301  37710 -8959
127299  37730 -8957
127297  37750 -8954
127295  37770 -8952
127293  37790 -8950
127291  37810 -8948
127289  37830 -8946
127287  37850 -8943
127285  37870 -8941
127283  37890 -8939
127281  37910 -8937
127279  37930 -8935
127277  37950 -8932
127275  37970 -8930
127273  37990 -8928
127271  38010 -8926
127269  38030 -8924
127267  38050 -8921
127265  38070 -8919
127263  38090 -8917
127261  38110 -8915
127259  38130 -8913
127257  38150 -8910
127255  38170 -8908
127253  38190 -8906
127251  38210 -8904
127249  38230 -8902
127247  38250 -8899
127245  38270 -8897
127243  38290 -8895
127241  38310 -8893
127239  38330 -8891
127237  38350 -8888
127235  38370 -8886
127233  38390 -8884
127231  38410 -8882
127229  38430 -8880
127227  38450 -8877
127225  38470 -8875
127223  38490 -8873
127221  38510 -8871
127219  38530 -8869
127217  38550 -8866
127215  38570 -8864
127213  38590 -8862
127211  38610 -8860
127209  38630 -8858
127207  38650 -8855
127205  38670 -8853
127203  38690 -8851
127201  38710 -8849
127199  38730 -8847
127197  38750 -8844
127195  38770 -8842
127193  38790 -8840
127191  38810 -8838
127189  38830 -8836
127187  38850 -8833
127185  38870 -8831
127183  38890 -8829
127181  38910 -8827
127179  38930 -8825
127177  38950 -8822
127175  38970 -8820
127173  38990 -8818
127171  39010 -8816
127169  39030 -8814
127167  39050 -8811
127165  39070 -8809
127163  39090 -8807
127161  39110 -8805
127159  39130 -8803
127157  39150 -8800
127155  39170 -8798
127153  39190 -8796
127151  39210 -8794
127149  39230 -8792
127147  39250 -8789
127145  39270 -8787
127143  39290 -8785
127141  39310 -8783
127139  39330 -8781
127137  39350 -8778
127135  39370 -8776
127133  39390 -8774
127131  39410 -8772
127129  39430 -8770
127127  39450 -8767
127125  39470 -8765
127123  39490 -8763
127121  39510 -8761
127119  39530 -8759
127117  39550 -8756
127115  39570 -8754
127113  39590 -8752
127111  39610 -8750
127109  39630 -8748
127107  39650 -8745
127105  39670 -8743
127103  39690 -8741
127101  39710 -8739
127099  39730 -8737
127097  39750 -8734
127095  39770 -8732
127093  39790 -8730
127091  39810 -8728
127089  39830 -8726
127087  39850 -8723
127085  39870 -8721
127083  39890 -8719
127081  39910 -8717
127079  39930 -8715
127077  39950 -8712
127075  39970 -8710
127073  39990 -8708
127071  40010 -8706
127069  40030 -8704
127067  40050 -8701
127065  40070 -8699
127063  40090 -8697
127061  40110 -8695
127059  40130 -8693
127057  40150 -8690
127055  40170 -8688
127053  40190 -8686
127051  40210 -8684
127049  40230 -8682
127047  40250 -8679
127045  40270 -8677
127043  40290 -8675
127041  40310 -8673
127039  40330 -8671
127037  40350 -8668
127035  40370 -8666
127033  40390 -8664
127031  40410 -8662
127029  40430 -8660
127027  40450 -8657
127025  40470 -8655
127023  40490 -8653
127021  40510 -8651
127019  40530 -8649
127017  40550 -8646
127015  40570 -8644
127013  40590 -8642
127011  40610 -8640
127009  40630 -8638
127007  40650 -8635
127005  40670 -8633
127003  40690 -8631
127001  40710 -8629
126999  40730 -8627
126997  40750 -8624
126995  40770 -8622
126993  40790 -8620
126991  40810 -8618
126989  40830 -8616
126987  40850 -8613
126985  40870 -8611
126983  40890 -8609
126981  40910 -8607
126979  40930 -8605
126977  40950 -8602
126975  40970 -8600
126973  40990 -8598
126971  41010 -8596
126969  41030 -8594
126967  41050 -8591
126965  41070 -8589
126963  41090 -8587
126961  41110 -8585
126959  41130 -8583
126957  41150 -8580
126955  41170 -8578
126953  41190 -8576
126951  41210 -8574
126949  41230 -8572
126947  41250 -8569
126945  41270 -8567
126943  41290 -8565
126941  41310 -8563
126939  41330 -8561
126937  41350 -8558
126935  41370 -8556
126933  41390 -8554
126931  41410 -8552
126929  41430 -8550
126927  41450 -8547
126925  41470 -8545
126923  41490 -8543
126921  41510 -8541
126919  41530 -8539
126917  41550 -8536
126915  41570 -8534
126913  41590 -8532
126911  41610 -8530
126909  41630 -8528
126907  41650 -8525
126905  41670 -8523
126903  41690 -8521
126901  41710 -8519
126899  41730 -8517
126897  41750 -8514
126895  41770 -8512
126893  41790 -8510
126891  41810 -8508
126889  41830 -8506
126887  41850 -8503
126885  41870 -8501
126883  41890 -8499
126881  41910 -8497
126879  41930 -8495
126877  41950 -8492
126875  41970 -8490
126873  41990 -8488
126871  42010 -8486
126869  42030 -8484
126867  42050 -8481
126865  42070 -8479
126863  42090 -8477
126861  42110 -8475
126859  42130 -8473
126857  42150 -8470
126855  42170 -8468
126853  42190 -8466
126851  42210 -8464
126849  42230 -8462
126847  42250 -8459
126845  42270 -8457
126843  42290 -8455
126841  42310 -8453
126839  42330 -8451
126837  42350 -8448
126835  42370 -8446
126833  42390 -8444
126831  42410 -8442
126829  42430 -8440
126827  42450 -8437
126825  42470 -8435
126823  42490 -8433
126821  42510 -8431
126819  42530 -8429
126817  42550 -8426
126815  42570 -8424
126813  42590 -8422
126811  42610 -8420
126809  42630 -8418
126807  42650 -8415
126805  42670 -8413
126803  42690 -8411
126801  42710 -8409
126799  42730 -8407
126797  42750 -8404
126795  42770 -8402
126793  42790 -8400
126791  42810 -8398
126789  42830 -8396
126787  42850 -8393
126785  42870 -8391
126783  42890 -8389
126781  42910 -8387
126779  42930 -8385
126777  42950 -8382
126775  42970 -8380
126773  42990 -8378
126771  43010 -8376
126769  43030 -8374
126767  43050 -8371
126765  43070 -8369
126763  43090 -8367
126761  43110 -8365
126759  43130 -8363
126757  43150 -8360
126755  43170 -8358
126753  43190 -8356
126751  43210 -8354
126749  43230 -8352
126747  43250 -8349
126745  43270 -8347
126743  43290 -8345
126741  43310 -8343
126739  43330 -8341
126737  43350 -8338
126735  43370 -8336
126733  43390 -8334
126731  43410 -8332
126729  43430 -8330
126727  43450 -8327
126725  43470 -8325
126723  43490 -8323
126721  43510 -8321
126719  43530 -8319
126717  43550 -8316
126715  43570 -8314
126713  43590 -8312
126711  43610 -8310
126709  43630 -8308
126707  43650 -8305
126705  43670 -8303
126703  43690 -8301
126701  43710 -8299
126699  43730 -8297
126697  43750 -8294
126695  43770 -8292
126693  43790 -8290
126691  43810 -8288
126689  43830 -8286
126687  43850 -8283
126685  43870 -8281
126683  43890 -8279
126681  43910 -8277
126679  43930 -8275
126677  43950 -8272
126675  43970 -8270
126673  43990 -8268
126671  44010 -8266
126669  44030 -8264
126667  44050 -8261
126665  44070 -8259
126663  44090 -8257
126661  44110 -8255
126659  44130 -8253
126657  44150 -8250
126655  44170 -8248
126653  44190 -8246
126651  44210 -8244
126649  44230 -8242
126647  44250 -8239
126645  44270 -8237
126643  44290 -8235
126641  44310 -8233
126639  44330 -8231
126637  44350 -8228
126635  44370 -8226
126633  44390 -8224
126631  44410 -8222
126629  44430 -8220
126627  44450 -8217
126625  44470 -8215
126623  44490 -8213
126621  44510 -8211
126619  44530 -8209
126617  44550 -8206
126615  44570 -8204
126613  44590 -8202
126611  44610 -8200
126609  44630 -8198
126607  44650 -8195
126605  44670 -8193
126603  44690 -8191
126601  44710 -8189
126599  44730 -8187
126597  44750 -8184
126595  44770 -8182
126593  44790 -8180
126591  44810 -8178
126589  44830 -8176
126587  44850 -8173
126585  44870 -8171
126583  44890 -8169
126581  44910 -8167
126579  44930 -8165
126577  44950 -8162
126575  44970 -8160
126573  44990 -8158
126571  45010 -8156
126569  45030 -8154
126567  45050 -8151
126565  45070 -8149
126563  45090 -8147
126561  45110 -8145
126559  45130 -8143
126557  45150 -8140
126555  45170 -8138
126553  45190 -8136
126551  45210 -8134
126549  45230 -8132
126547  45250 -8129
126545  45270 -8127
126543  45290 -8125
126541  45310 -8123
126539  45330 -8121
126537  45350 -8118
126535  45370 -8116
126533  45390 -8114
126531  45410 -8112
126529  45430 -8110
126527  45450 -8107
126525  45470 -8105
126523  45490 -8103
126521  45510 -8101
126519  45530 -8099
126517  45550 -8096
126515  45570 -8094
126513  45590 -8092
126511  45610 -8090
126509  45630 -8088
126507  45650 -8085
126505  45670 -8083
126503  45690 -8081
126501  45710 -8079
126499  45730 -8077
126497  45750 -8074
126495  45770 -8072
126493  45790 -8070
126491  45810 -8068
126489  45830 -8066
126487  45850 -8063
126485  45870 -8061
126483  45890 -8059
126481  45910 -8057
126479  45930 -8055
126477  45950 -8052
126475  45970 -8050
126473  45990 -8048
126471  46010 -8046
126469  46030 -8044
126467  46050 -8041
126465  46070 -8039
126463  46090 -8037
126461  46110 -8035
126459  46130 -8033
126457  46150 -8030
126455  46170 -8028
126453  46190 -8026
126451  46210 -8024
126449  46230 -8022
126447  46250 -8019
126445  46270 -8017
126443  46290 -8015
126441  46310 -8013
126439  46330 -8011
126437  46350 -8008
126435  46370 -8006
126433  46390 -8004
126431  46410 -8002
126429  46430 -8000
126427  46450 -7997
126425  46470 -7995
126423  46490 -7993
126421  46510 -7991
126419  46530 -7989
126417  46550 -7986
126415  46570 -7984
126413  46590 -7982
126411  46610 -7980
126409  46630 -7978
126407  46650 -7975
126405  46670 -7973
126403  46690 -7971
126401  46710 -7969
126399  46730 -7967
126397  46750 -7964
126395  46770 -7962
126393  46790 -7960
126391  46810 -7958
126389  46830 -7956
126387  46850 -7953
126385  46870 -7951
126383  46890 -7949
126381  46910 -7947
126379  46930 -7945
126377  46950 -7942
126375  46970 -7940
126373  46990 -7938
126371  47010 -7936
126369  47030 -7934
126367  47050 -7931
126365  47070 -7929
126363  47090 -7927
126361  47110 -7925
126359  47130 -7923
126357  47150 -7920
126355  47170 -7918
126353  47190 -7916
126351  47210 -7914
126349  47230 -7912
126347  47250 -7909
126345  47270 -7907
126343  47290 -7905
126341  47310 -7903
126339  47330 -7901
126337  47350 -7898
126335  47370 -7896
126333  47390 -7894
126331  47410 -7892
126329  47430 -7890
126327  47450 -7887
126325  47470 -7885
126323  47490 -7883
126321  47510 -7881
126319  47530 -7879
126317  47550 -7876
126315  47570 -7874
126313  47590 -7872
126311  47610 -7870
126309  47630 -7868
126307  47650 -7865
126305  47670 -7863
126303  47690 -7861
126301  47710 -7859
126299  47730 -7857
126297  47750 -7854
126295  47770 -7852
126293  47790 -7850
126291  47810 -7848
126289  47830 -7846
126287  47850 -7843
126285  47870 -7841
126283  47890 -7839
126281  47910 -7837
126279  47930 -7835
126277  47950 -7832
126275  47970 -7830
126273  47990 -7828
126271  48010 -7826
126269  48030 -7824
126267  48050 -7821
126265  48070 -7819
126263  48090 -7817
126261  48110 -7815
126259  48130 -7813
126257  48150 -7810
126255  48170 -7808
126253  48190 -7806
126251  48210 -7804
126249  48230 -7802
126247  48250 -7799
126245  48270 -7797
126243  48290 -7795
126241  48310 -7793
126239  48330 -7791
126237  48350 -7788
126235  48370 -7786
126233  48390 -7784
126231  48410 -7782
126229  48430 -7780
126227  48450 -7777
126225  48470 -7775
126223  48490 -7773
126221  48510 -7771
126219  48530 -7769
126217  48550 -7766
126215  48570 -7764
126213  48590 -7762
126211  48610 -7760
126209  48630 -7758
126207  48650 -7755
126205  48670 -7753
126203  48690 -7751
126201  48710 -7749
126199  48730 -7747
126197  48750 -7744
126195  48770 -7742
126193  48790 -7740
126191  48810 -7738
126189  48830 -7736
126187  48850 -7733
126185  48870 -7731
126183  48890 -7729
126181  48910 -7727
126179  48930 -7725
126177  48950 -7722
126175  48970 -7720
126173  48990 -7718
126171  49010 -7716
126169  49030 -7714
126167  49050 -7711
126165  49070 -7709
126163  49090 -7707
126161  49110 -7705
126159  49130 -7703
126157  49150 -7700
126155  49170 -7698
126153  49190 -7696
126151  49210 -7694
126149  49230 -7692
126147  49250 -7689
126145  49270 -7687
126143  49290 -7685
126141  49310 -7683
126139  49330 -7681
126137  49350 -7678
126135  49370 -7676
126133  49390 -7674
126131  49410 -7672
126129  49430 -7670
126127  49450 -7667
126125  49470 -7665
126123  49490 -7663
126121  49510 -7661
126119  49530 -7659
126117  49550 -7656
126115  49570 -7654
126113  49590 -7652
126111  49610 -7650
126109  49630 -7648
126107  49650 -7645
126105  49670 -7643
126103  49690 -7641
126101  49710 -7639
126099  49730 -7637
126097  49750 -7634
126095  49770 -7632
126093  49790 -7630
126091  49810 -7628
126089  49830 -7626
126087  49850 -7623
126085  49870 -7621
126083  49890 -7619
126081  49910 -7617
126079  49930 -7615
126077  49950 -7612
126075  49970 -7610
126073  49990 -7608
126071  50010 -7606
126069  50030 -7604
126067  50050 -7601
126065  50070 -7599
126063  50090 -7597
126061  50110 -7595
126059  50130 -7593
126057  50150 -7590
126055  50170 -7588
126053  50190 -7586
126051  50210 -7584
126049  50230 -7582
126047  50250 -7579
126045  50270 -7577
126043  50290 -7575
126041  50310 -7573
126039  50330 -7571
126037  50350 -7568
126035  50370 -7566
126033  50390 -7564
126031  50410 -7562
126029  50430 -7560
126027  50450 -7557
126025  50470 -7555
126023  50490 -7553
126021  50510 -7551
126019  50530 -7549
126017  50550 -7546
126015  50570 -7544
126013  50590 -7542
126011  50610 -7540
126009  50630 -7538
126007  50650 -7535
126005  50670 -7533
126003  50690 -7531
126001  50710 -7529
125999  50730 -7527
125997  50750 -7524
125995  50770 -7522
125993  50790 -7520
125991  50810 -7518
125989  50830 -7516
125987  50850 -7513
125985  50870 -7511
125983  50890 -7509
125981  50910 -7507
125979  50930 -7505
125977  50950 -7502
125975  50970 -7500
125973  50990 -7498
125971  51010 -7496
125969  51030 -7494
125967  51050 -7491
125965  51070 -7489
125963  51090 -7487
125961  51110 -7485
125959  51130 -7483
125957  51150 -7480
125955  51170 -7478
125953  51190 -7476
125951  51210 -7474
125949  51230 -7472
125947  51250 -7469
125945  51270 -7467
125943  51290 -7465
125941  51310 -7463
125939  51330 -7461
125937  51350 -7458
125935  51370 -7456
125933  51390 -7454
125931  51410 -7452
125929  51430 -7450
125927  51450 -7447
125925  51470 -7445
125923  51490 -7443
125921  51510 -7441
125919  51530 -7439
125917  51550 -7436
125915  51570 -7434
125913  51590 -7432
125911  51610 -7430
125909  51630 -7428
125907  51650 -7425
125905  51670 -7423
125903  51690 -7421
125901  51710 -7419
125899  51730 -7417
125897  51750 -7414
125895  51770 -7412
125893  51790 -7410
125891  51810 -7408
125889  51830 -7406
125887  51850 -7403
125885  51870 -7401
125883  51890 -7399
125881  51910 -7397
125879  51930 -7395
125877  51950 -7392
125875  51970 -7390
125873  51990 -7388
125871  52010 -7386
125869  52030 -7384
125867  52050 -7381
125865  52070 -7379
125863  52090 -7377
125861  52110 -7375
125859  52130 -7373
125857  52150 -7370
125855  52170 -7368
125853  52190 -7366
125851  52210 -7364
125849  52230 -7362
125847  52250 -7359
125845  52270 -7357
125843  52290 -7355
125841  52310 -7353
125839  52330 -7351
125837  52350 -7348
125835  52370 -7346
125833  52390 -7344
125831  52410 -7342
125829  52430 -7340
125827  52450 -7337
125825  52470 -7335
125823  52490 -7333
125821  52510 -7331
125819  52530 -7329
125817  52550 -7326
125815  52570 -7324
125813  52590 -7322
125811  52610 -7320
125809  52630 -7318
125807  52650 -7315
125805  52670 -7313
125803  52690 -7311
125801  52710 -7309
125799  52730 -7307
125797  52750 -7304
125795  52770 -7302
125793  52790 -7300
125791  52810 -7298
125789  52830 -7296
125787  52850 -7293
125785  52870 -7291
125783  52890 -7289
125781  52910 -7287
125779  52930 -7285
125777  52950 -7282
125775  52970 -7280
125773  52990 -7278
125771  53010 -7276
125769  53030 -7274
125767  53050 -7271
125765  53070 -7269
125763  53090 -7267
125761  53110 -7265
125759  53130 -7263
125757  53150 -7260
125755  53170 -7258
125753  53190 -7256
125751  53210 -7254
125749  53230 -7252
125747  53250 -7249
125745  53270 -7247
125743  53290 -7245
125741  53310 -7243
125739  53330 -7241
125737  53350 -7238
125735  53370 -7236
125733  53390 -7234
125731  53410 -7232
125729  53430 -7230
125727  53450 -7227
125725  53470 -7225
125723  53490 -7223
125721  53510 -7221
125719  53530 -7219
125717  53550 -7216
125715  53570 -7214
125713  53590 -7212
125711  53610 -7210
125709  53630 -7208
125707  53650 -7205
125705  53670 -7203
125703  53690 -7201
125701  53710 -7199
125699  53730 -7197
125697  53750 -7194
125695  53770 -7192
125693  53790 -7190
125691  53810 -7188
125689  53830 -7186
125687  53850 -7183
125685  53870 -7181
125683  53890 -7179
125681  53910 -7177
125679  53930 -7175
125677  53950 -7172
125675  53970 -7170
125673  53990 -7168
125671  54010 -7166
125669  54030 -7164
125667  54050 -7161
125665  54070 -7159
125663  54090 -7157
125661  54110 -7155
125659  54130 -7153
125657  54150 -7150
125655  54170 -7148
125653  54190 -7146
125651  54210 -7144
125649  54230 -7142
125647  54250 -7139
125645  54270 -7137
125643  54290 -7135
125641  54310 -7133
125639  54330 -7131
125637  54350 -7128
125635  54370 -7126
125633  54390 -7124
125631  54410 -7122
125629  54430 -7120
125627  54450 -7117
125625  54470 -7115
125623  54490 -7113
125621  54510 -7111
125619  54530 -7109
125617  54550 -7106
125615  54570 -7104
125613  54590 -7102
125611  54610 -7100
125609  54630 -7098
125607  54650 -7095
125605  54670 -7093
125603  54690 -7091
125601  54710 -7089
125599  54730 -7087
125597  54750 -7084
125595  54770 -7082
125593  54790 -7080
125591  54810 -7078
125589  54830 -7076
125587  54850 -7073
125585  54870 -7071
125583  54890 -7069
125581  54910 -7067
125579  54930 -7065
125577  54950 -7062
125575  54970 -7060
125573  54990 -7058
125571  55010 -7056
125569  55030 -7054
125567  55050 -7051
125565  55070 -7049
125563  55090 -7047
125561  55110 -7045
125559  55130 -7043
125557  55150 -7040
125555  55170 -7038
125553  55190 -7036
125551  55210 -7034
125549  55230 -7032
125547  55250 -7029
125545  55270 -7027
125543  55290 -7025
125541  55310 -7023
125539  55330 -7021
125537  55350 -7018
125535  55370 -7016
125533  55390 -7014
125531  55410 -7012
125529  55430 -7010
125527  55450 -7007
125525  55470 -7005
125523  55490 -7003
125521  55510 -7001
125519  55530 -6999
125517  55550 -6996
125515  55570 -6994
125513  55590 -6992
125511  55610 -6990
125509  55630 -6988
125507  55650 -6985
125505  55670 -6983
125503  55690 -6981
125501  55710 -6979
125499  55730 -6977
125497  55750 -6974
125495  55770 -6972
12