1215	250.027	0
1215	250.068	0
1215	250.122	0
1215	250.19	0
1215	250.272	0
1215	250.367	0
1215	250.476	0
1215	250.598	0
1215	250.734	0
1215	250.884	0
1215	251.047	0
1215	251.224	0
1215	251.415	0
1215	251.619	0
1215	251.836	0
1215	252.067	0
1215	252.312	0
1215	252.571	0
1215	252.843	0
1215	253.128	0
1215	253.428	0
1215	253.74	0
1215	254.067	0
1215	254.407	0
1215	254.76	0
1215	255.128	0
1215	255.509	0
1215	255.903	0
1215	256.311	0
1215	256.733	0
1215	257.168	0
1215	257.617	0
1215	258.079	0
1215	258.555	0
1215	259.045	0
1215	259.548	0
1215	260.065	0
1215	260.595	0
1215	261.139	0
1215	261.697	0
1215	262.268	0
1215	262.853	0
1215	263.452	0
1215	264.064	0
1215	264.689	0
1215	265.329	0
1215	265.982	0
1215	266.648	0
1215	267.328	0
1215	268.022	0
1215	268.729	0
1215	269.45	0
1215	270.184	0
1215	270.932	0
1215	271.694	0
1215	272.469	0
1215	273.258	0
1215	274.061	0
1215	274.877	0
1215	275.706	0
1215	276.55	0
1215	277.407	0
1215	278.277	0
1215	279.161	0
1215	280.059	0
1215	280.97	0
1215	281.895	0
1215	282.834	0
1215	283.786	0
1215	284.751	0
1215	285.731	0
1215	286.724	0
1215	287.73	0
1215	288.75	0
1215	289.784	0
1215	290.831	0
1215	291.892	0
1215	292.966	0
1215	294.055	0
1215	295.143	0
1215	296.231	0
1215	297.319	0
1215	298.407	0
1215	299.495	0
1215	300.583	0
1215	301.671	0
1215	302.759	0
1215	303.848	0
1215	304.936	0
1215	306.024	0
1215	307.112	0
1215	308.2	0
1215	309.288	0
1215	310.376	0
1215	311.464	0
1215	312.552	0
1215	313.64	0
1215	314.729	0
1215	315.817	0
1215	316.905	0
1215	317.993	0
1215	319.081	0
1215	320.169	0
1215	321.257	0
1215	322.345	0
1215	323.433	0
1215	324.522	0
1215	325.61	0
1215	326.698	0
1215	327.786	0
1215	328.874	0
1215	329.962	0
1215	331.05	0
1215	332.138	0
1215	333.226	0
1215	334.314	0
1215	335.403	0
1215	336.491	0
1215	337.579	0
1215	338.667	0
1215	339.755	0
1215	340.843	0
1215	341.931	0
1215	343.019	0
1215	344.107	0
1215	345.195	0
1215	346.284	0
1215	347.372	0
1215	348.46	0
1215	349.548	0
1215	350.636	0
1215	351.724	0
1215	352.812	0
1215	353.9	0
1215	354.988	0
1215	356.077	0
1215	357.165	0
1215	358.253	0
1215	359.341	0
1215	360.429	0
1215	361.517	0
1215	362.605	0
1215	363.693	0
1215	364.781	0
1215	365.869	0
1215	366.958	0
1215	368.046	0
1215	369.134	0
1215	370.222	0
1215	371.31	0
1215	372.398	0
1215	373.486	0
1215	374.574	0
1215	375.662	0
1215	376.75	0
1215	377.839	0
1215	378.927	0
1215	380.015	0
1215	381.103	0
1215	382.191	0
1215	383.279	0
1215	384.367	0
1215	385.455	0
1215	386.543	0
1215	387.632	0
1215	388.72	0
1215	389.808	0
1215	390.896	0
1215	391.984	0
1215	393.072	0
1215	394.16	0
1215	395.248	0
1215	396.336	0
1215	397.424	0
1215	398.513	0
1215	399.601	0
1215	400.689	0
1215	401.777	0
1215	402.865	0
1215	403.953	0
1215	405.041	0
1215	406.129	0
1215	407.217	0
1215	408.305	0
1215	409.394	0
1215	410.482	0
1215	411.57	0
1215	412.658	0
1215	413.746	0
1215	414.834	0
1215	415.922	0
1215	417.01	0
1215	418.098	0
1215	419.187	0
1215	420.275	0
1215	421.363	0
1215	422.451	0
1215	423.539	0
1215	424.627	0
1215	425.715	0
1215	426.803	0
1215	427.891	0
1215	428.979	0
1215	430.068	0
1215	431.156	0
1215	432.244	0
1215	433.332	0
1215	434.42	0
1215	435.508	0
1215	436.596	0
1215	437.684	0
1215	438.772	0
1215	439.86	0
1215	440.949	0
1215	442.037	0
1215	443.125	0
1215	444.213	0
1215	445.301	0
1215	446.389	0
1215	447.477	0
1215	448.565	0
1215	449.653	0
1215	450.742	0
1215	451.83	0
1215	452.918	0
1215	454.006	0
1215	455.094	0
1215	456.182	0
1215	457.27	0
1215	458.358	0
1215	459.446	0
1215	460.534	0
1215	461.623	0
1215	462.711	0
1215	463.799	0
1215	464.887	0
1215	465.975	0
1215	467.063	0
1215	468.151	0
1215	469.239	0
1215	470.327	0
1215	471.416	0
1215	472.504	0
1215	473.592	0
1215	474.68	0
1215	475.768	0
1215	476.856	0
1215	477.944	0
1215	479.032	0
1215	480.12	0
1215	481.208	0
1215	482.297	0
1215	483.385	0
1215	484.473	0
1215	485.561	0
1215	486.649	0
1215	487.737	0
1215	488.825	0
1215	489.913	0
1215	491.001	0
1215	492.089	0
1215	493.178	0
1215	494.266	0
1215	495.354	0
1215	496.442	0
1215	497.53	0
1215	498.618	0
1215	499.706	0
1215	500.794	0
1215	501.882	0
1215	502.971	0
1215	504.059	0
1215	505.147	0
1215	506.235	0
1215	507.323	0
1215	508.411	0
1215	509.499	0
1215	510.587	0
1215	511.675	0
1215	512.763	0
1215	513.852	0
1215	514.94	0
1215	516.028	0
1215	517.116	0
1215	518.204	0
1215	519.292	0
1215	520.38	0
1215	521.468	0
1215	522.556	0
1215	523.644	0
1215	524.733	0
1215	525.821	0
1215	526.909	0
1215	527.997	0
1215	529.085	0
1215	530.173	0
1215	531.261	0
1215	532.349	0
1215	533.437	0
1215	534.526	0
1215	535.614	0
1215	536.702	0
1215	537.79	0
1215	538.878	0
1215	539.966	0
1215	541.054	0
1215	542.142	0
1215	543.23	0
1215	544.318	0
1215	545.407	0
1215	546.495	0
1215	547.583	0
1215	548.671	0
1215	549.759	0
1215	550.847	0
1215	551.935	0
1215	553.023	0
1215	554.111	0
1215	555.199	0
1215	556.288	0
1215	557.376	0
1215	558.464	0
1215	559.552	0
1215	560.64	0
1215	561.728	0
1215	562.816	0
1215	563.904	0
1215	564.992	0
1215	566.081	0
1215	567.169	0
1215	568.257	0
1215	569.345	0
1215	570.433	0
1215	571.521	0
1215	572.609	0
1215	573.697	0
1215	574.785	0
1215	575.873	0
1215	576.962	0
1215	578.05	0
1215	579.138	0
1215	580.226	0
1215	581.314	0
1215	582.402	0
1215	583.49	0
1215	584.578	0
1215	585.666	0
1215	586.754	0
1215	587.843	0
1215	588.931	0
1215	590.019	0
1215	591.107	0
1215	592.195	0
1215	593.283	0
1215	594.371	0
1215	595.459	0
1215	596.547	0
1215	597.636	0
1215	598.724	0
1215	599.812	0
1215	600.9	0
1215	601.988	0
1215	603.076	0
1215	604.164	0
1215	605.252	0
1215	606.34	0
1215	607.428	0
1215	608.517	0
1215	609.605	0
1215	610.693	0
1215	611.781	0
1215	612.869	0
1215	613.957	0
1215	615.045	0
1215	616.133	0
1215	617.221	0
1215	618.31	0
1215	619.398	0
1215	620.486	0
1215	621.574	0
1215	622.662	0
1215	623.75	0
1215	624.838	0
1215	625.926	0
1215	627.014	0
1215	628.102	0
1215	629.191	0
1215	630.279	0
1215	631.367	0
1215	632.455	0
1215	633.543	0
1215	634.631	0
1215	635.719	0
1215	636.807	0
1215	637.895	0
1215	638.983	0
1215	640.072	0
1215	641.16	0
1215	642.248	0
1215	643.336	0
1215	644.424	0
1215	645.512	0
1215	646.6	0
1215	647.688	0
1215	648.776	0
1215	649.865	0
1215	650.953	0
1215	652.041	0
1215	653.129	0
1215	654.217	0
1215	655.305	0
1215	656.393	0
1215	657.481	0
1215	658.569	0
1215	659.657	0
1215	660.746	0
1215	661.834	0
1215	662.922	0
1215	664.01	0
1215	665.098	0
1215	666.186	0
1215	667.274	0
1215	668.362	0
1215	669.45	0
1215	670.538	0
1215	671.627	0
1215	672.715	0
1215	673.803	0
1215	674.891	0
1215	675.979	0
1215	677.067	0
1215	678.155	0
1215	679.243	0
1215	680.331	0
1215	681.42	0
1215	682.508	0
1215	683.596	0
1215	684.684	0
1215	685.772	0
1215	686.86	0
1215	687.948	0
1215	689.036	0
1215	690.124	0
1215	691.212	0
1215	692.301	0
1215	693.389	0
1215	694.477	0
1215	695.565	0
1215	696.653	0
1215	697.741	0
1215	698.829	0
1215	699.917	0
1215	701.005	0
1215	702.093	0
1215	703.182	0
1215	704.27	0
1215	705.358	0
1215	706.446	0
1215	707.534	0
1215	708.622	0
1215	709.71	0
1215	710.798	0
1215	711.886	0
1215	712.975	0
1215	714.063	0
1215	715.151	0
1215	716.239	0
1215	717.327	0
1215	718.415	0
1215	719.503	0
1215	720.591	0
1215	721.679	0
1215	722.767	0
1215	723.856	0
1215	724.944	0
1215	726.032	0
1215	727.12	0
1215	728.208	0
1215	729.296	0
1215	730.384	0
1215	731.472	0
1215	732.56	0
1215	733.648	0
1215	734.737	0
1215	735.825	0
1215	736.913	0
1215	738.001	0
1215	739.089	0
1215	740.177	0
1215	741.265	0
1215	742.353	0
1215	743.441	0
1215	744.53	0
1215	745.618	0
1215	746.706	0
1215	747.794	0
1215	748.882	0
1215	749.97	0
1215	751.058	0
1215	752.146	0
1215	753.234	0
1215	754.322	0
1215	755.411	0
1215	756.499	0
1215	757.587	0
1215	758.675	0
1215	759.763	0
1215	760.851	0
1215	761.939	0
1215	763.027	0
1215	764.115	0
1215	765.204	0
1215	766.292	0
1215	767.38	0
1215	768.468	0
1215	769.556	0
1215	770.644	0
1215	771.732	0
1215	772.82	0
1215	773.908	0
1215	774.996	0
1215	776.085	0
1215	777.173	0
1215	778.261	0
1215	779.349	0
1215	780.437	0
1215	781.525	0
1215	782.613	0
1215	783.701	0
1215	784.789	0
1215	785.877	0
1215	786.966	0
1215	788.054	0
1215	789.142	0
1215	790.23	0
1215	791.318	0
1215	792.406	0
1215	793.494	0
1215	794.582	0
1215	795.67	0
1215	796.759	0
1215	797.847	0
1215	798.935	0
1215	800.023	0
1215	801.111	0
1215	802.199	0
1215	803.287	0
1215	804.375	0
1215	805.463	0
1215	806.551	0
1215	807.64	0
1215	808.728	0
1215	809.816	0
1215	810.904	0
1215	811.992	0
1215	813.08	0
1215	814.168	0
1215	815.256	0
1215	816.344	0
1215	817.432	0
1215	818.521	0
1215	819.609	0
1215	820.697	0
1215	821.785	0
1215	822.873	0
1215	823.961	0
1215	825.049	0
1215	826.137	0
1215	827.225	0
1215	828.314	0
1215	829.402	0
1215	830.49	0
1215	831.578	0
1215	832.666	0
1215	833.754	0
1215	834.842	0
1215	835.93	0
1215	837.018	0
1215	838.106	0
1215	839.195	0
1215	840.283	0
1215	841.371	0
1215	842.459	0
1215	843.547	0
1215	844.635	0
1215	845.723	0
1215	846.811	0
1215	847.899	0
1215	848.987	0
1215	850.076	0
1215	851.164	0
1215	852.252	0
1215	853.34	0
1215	854.428	0
1215	855.516	0
1215	856.604	0
1215	857.692	0
1215	858.78	0
1215	859.869	0
1215	860.957	0
1215	862.045	0
1215	863.133	0
1215	864.221	0
1215	865.309	0
1215	866.397	0
1215	867.485	0
1215	868.573	0
1215	869.661	0
1215	870.75	0
1215	871.838	0
1215	872.926	0
1215	874.014	0
1215	875.102	0
1215	876.19	0
1215	877.278	0
1215	878.366	0
1215	879.454	0
1215	880.542	0
1215	881.631	0
1215	882.719	0
1215	883.807	0
1215	884.895	0
1215	885.983	0
1215	887.071	0
1215	888.159	0
1215	889.247	0
1215	890.335	0
1215	891.424	0
1215	892.512	0
1215	893.6	0
1215	894.688	0
1215	895.776	0
1215	896.864	0
1215	897.952	0
1215	899.04	0
1215	900.128	0
1215	901.216	0
1215	902.305	0
1215	903.393	0
1215	904.481	0
1215	905.569	0
1215	906.657	0
1215	907.745	0
1215	908.833	0
1215	909.921	0
1215	911.009	0
1215	912.098	0
1215	913.186	0
1215	914.274	0
1215	915.362	0
1215	916.45	0
1215	917.538	0
1215	918.626	0
1215	919.714	0
1215	920.802	0
1215	921.89	0
1215	922.979	0
1215	924.067	0
1215	925.155	0
1215	926.243	0
1215	927.331	0
1215	928.419	0
1215	929.507	0
1215	930.595	0
1215	931.683	0
1215	932.771	0
1215	933.86	0
1215	934.948	0
1215	936.036	0
1215	937.124	0
1215	938.212	0
1215	939.3	0
1215	940.388	0
1215	941.476	0
1215	942.564	0
1215	943.653	0
1215	944.741	0
1215	945.829	0
1215	946.917	0
1215	948.005	0
1215	949.093	0
1215	950.181	0
1215	951.269	0
1215	952.357	0
1215	953.445	0
1215	954.534	0
1215	955.622	0
1215	956.71	0
1215	957.798	0
1215	958.886	0
1215	959.974	0
1215	961.062	0
1215	962.15	0
1215	963.238	0
1215	964.326	0
1215	965.415	0
1215	966.503	0
1215	967.591	0
1215	968.679	0
1215	969.767	0
1215	970.855	0
1215	971.943	0
1215	973.031	0
1215	974.119	0
1215	975.208	0
1215	976.296	0
1215	977.384	0
1215	978.472	0
1215	979.56	0
1215	980.648	0
1215	981.736	0
1215	982.824	0
1215	983.912	0
1215	985	0
1215	986.089	0
1215	987.177	0
1215	988.265	0
1215	989.353	0
1215	990.441	0
1215	991.529	0
1215	992.617	0
1215	993.705	0
1215	994.793	0
1215	995.881	0
1215	996.97	0
1215	998.058	0
1215	999.146	0
1215	1000.23	0
1215	1001.32	0
1215	1002.41	0
1215	1003.5	0
1215	1004.59	0
1215	1005.67	0
1215	1006.76	0
1215	1007.85	0
1215	1008.94	0
1215	1010.03	0
1215	1011.11	0
1215	1012.2	0
1215	1013.29	0
1215	1014.38	0
1215	1015.47	0
1215	1016.56	0
1215	1017.64	0
1215	1018.73	0
1215	1019.82	0
1215	1020.91	0
1215	1022	0
1215	1023.08	0
1215	1024.17	0
1215	1025.26	0
1215	1026.35	0
1215	1027.44	0
1215	1028.52	0
1215	1029.61	0
1215	1030.7	0
1215	1031.79	0
1215	1032.88	0
1215	1033.97	0
1215	1035.05	0
1215	1036.14	0
1215	1037.23	0
1215	1038.32	0
1215	1039.41	0
1215	1040.49	0
1215	1041.58	0
1215	1042.67	0
1215	1043.76	0
1215	1044.85	0
1215	1045.93	0
1215	1047.02	0
1215	1048.11	0
1215	1049.2	0
1215	1050.29	0
1215	1051.37	0
1215	1052.46	0
1215	1053.55	0
1215	1054.64	0
1215	1055.73	0
1215	1056.82	0
1215	1057.9	0
1215	1058.99	0
1215	1060.08	0
1215	1061.17	0
1215	1062.26	0
1215	1063.34	0
1215	1064.43	0
1215	1065.52	0
1215	1066.61	0
1215	1067.7	0
1215	1068.78	0
1215	1069.87	0
1215	1070.96	0
1215	1072.05	0
1215	1073.14	0
1215	1074.22	0
1215	1075.31	0
1215	1076.4	0
1215	1077.49	0
1215	1078.58	0
1215	1079.67	0
1215	1080.75	0
1215	1081.84	0
1215	1082.93	0
1215	1084.02	0
1215	1085.11	0
1215	1086.19	0
1215	1087.28	0
1215	1088.37	0
1215	1089.46	0
1215	1090.55	0
1215	1091.63	0
1215	1092.72	0
1215	1093.81	0
1215	1094.9	0
1215	1095.99	0
1215	1097.08	0
1215	1098.16	0
1215	1099.25	0
1215	1100.34	0
1215	1101.43	0
1215	1102.52	0
1215	1103.6	0
1215	1104.69	0
1215	1105.78	0
1215	1106.87	0
1215	1107.96	0
1215	1109.04	0
1215	1110.13	0
1215	1111.22	0
1215	1112.31	0
1215	1113.4	0
1215	1114.48	0
1215	1115.57	0
1215	1116.66	0
1215	1117.75	0
1215	1118.84	0
1215	1119.93	0
1215	1121.01	0
1215	1122.1	0
1215	1123.19	0
1215	1124.28	0
1215	1125.37	0
1215	1126.45	0
1215	1127.54	0
1215	1128.63	0
1215	1129.72	0
1215	1130.81	0
1215	1131.89	0
1215	1132.98	0
1215	1134.07	0
1215	1135.16	0
1215	1136.25	0
1215	1137.33	0
1215	1138.42	0
1215	1139.51	0
1215	1140.6	0
1215	1141.69	0
1215	1142.78	0
1215	1143.86	0
1215	1144.95	0
1215	1146.04	0
1215	1147.13	0
1215	1148.22	0
1215	1149.3	0
1215	1150.39	0
1215	1151.48	0
1215	1152.57	0
1215	1153.66	0
1215	1154.74	0
1215	1155.83	0
1215	1156.92	0
1215	1158.01	0
1215	1159.1	0
1215	1160.19	0
1215	1161.27	0
1215	1162.36	0
1215	1163.45	0
1215	1164.54	0
1215	1165.63	0
1215	1166.71	0
1215	1167.8	0
1215	1168.89	0
1215	1169.98	0
1215	1171.07	0
1215	1172.15	0
1215	1173.24	0
1215	1174.33	0
1215	1175.42	0
1215	1176.51	0
1215	1177.59	0
1215	1178.68	0
1215	1179.77	0
1215	1180.86	0
1215	1181.95	0
1215	1183.04	0
1215	1184.12	0
1215	1185.21	0
1215	1186.3	0
1215	1187.39	0
1215	1188.48	0
1215	1189.56	0
1215	1190.65	0
1215	1191.74	0
1215	1192.83	0
1215	1193.92	0
1215	1195	0
1215	1196.09	0
1215	1197.18	0
1215	1198.27	0
1215	1199.36	0
1215	1200.44	0
1215	1201.53	0
1215	1202.62	0
1215	1203.71	0
1215	1204.8	0
1215	1205.89	0
1215	1206.97	0
1215	1208.06	0
1215	1209.15	0
1215	1210.24	0
1215	1211.33	0
1215	1212.41	0
1215	1213.5	0
1215	1214.59	0
1215	1215.68	0
1215	1216.77	0
1215	1217.85	0
1215	1218.94	0
1215	1220.03	0
1215	1221.12	0
1215	1222.21	0
1215	1223.3	0
1215	1224.38	0
1215	1225.47	0
1215	1226.56	0
1215	1227.65	0
1215	1228.74	0
1215	1229.82	0
1215	1230.91	0
1215	1232	0
1215	1233.09	0
1215	1234.18	0
1215	1235.26	0
1215	1236.35	0
1215	1237.44	0
1215	1238.53	0
1215	1239.62	0
1215	1240.7	0
1215	1241.79	0
1215	1242.88	0
1215	1243.97	0
1215	1245.06	0
1215	1246.15	0
1215	1247.23	0
1215	1248.32	0
1215	1249.41	0
1215	1250.5	0
1215	1251.59	0
1215	1252.67	0
1215	1253.76	0
1215	1254.85	0
1215	1255.94	0
1215	1257.03	0
1215	1258.11	0
1215	1259.2	0
1215	1260.29	0
1215	1261.38	0
1215	1262.47	0
1215	1263.56	0
1215	1264.64	0
1215	1265.73	0
1215	1266.82	0
1215	1267.91	0
1215	1269	0
1215	1270.08	0
1215	1271.17	0
1215	1272.26	0
1215	1273.35	0
1215	1274.44	0
1215	1275.52	0
1215	1276.61	0
1215	1277.7	0
1215	1278.79	0
1215	1279.88	0
1215	1280.96	0
1215	1282.05	0
1215	1283.14	0
1215	1284.23	0
1215	1285.32	0
1215	1286.41	0
1215	1287.49	0
1215	1288.58	0
1215	1289.67	0
1215	1290.76	0
1215	1291.85	0
1215	1292.93	0
1215	1294.02	0
1215	1295.11	0
1215	1296.2	0
1215	1297.29	0
1215	1298.37	0
1215	1299.46	0
1215	1300.55	0
1215	1301.64	0
1215	1302.73	0
1215	1303.81	0
1215	1304.9	0
1215	1305.99	0
1215	1307.08	0
1215	1308.17	0
1215	1309.26	0
1215	1310.34	0
1215	1311.43	0
1215	1312.52	0
1215	1313.61	0
1215	1314.7	0
1215	1315.78	0
1215	1316.87	0
1215	1317.96	0
1215	1319.05	0
1215	1320.14	0
1215	1321.22	0
1215	1322.31	0
1215	1323.4	0
1215	1324.49	0
1215	1325.58	0
1215	1326.67	0
1215	1327.75	0
1215	1328.84	0
1215	1329.93	0
1215	1331.02	0
1215	1332.11	0
1215	1333.19	0
1215	1334.28	0
1215	1335.37	0
1215	1336.46	0
1215	1337.55	0
1215	1338.63	0
1215	1339.72	0
1215	1340.81	0
1215	1341.9	0
1215	1342.99	0
1215	1344.07	0
1215	1345.16	0
1215	1346.25	0
1215	1347.34	0
1215	1348.43	0
1215	1349.52	0
1215	1350.6	0
1215	1351.69	0
1215	1352.78	0
1215	1353.87	0
1215	1354.96	0
1215	1356.04	0
1215	1357.13	0
1215	1358.22	0
1215	1359.31	0
1215	1360.4	0
1215	1361.48	0
1215	1362.57	0
1215	1363.66	0
1215	1364.75	0
1215	1365.84	0
1215	1366.92	0
1215	1368.01	0
1215	1369.1	0
1215	1370.19	0
1215	1371.28	0
1215	1372.37	0
1215	1373.45	0
1215	1374.54	0
1215	1375.63	0
1215	1376.72	0
1215	1377.81	0
1215	1378.89	0
1215	1379.98	0
1215	1381.07	0
1215	1382.16	0
1215	1383.25	0
1215	1384.33	0
1215	1385.42	0
1215	1386.51	0
1215	1387.6	0
1215	1388.69	0
1215	1389.78	0
1215	1390.86	0
1215	1391.95	0
1215	1393.04	0
1215	1394.13	0
1215	1395.22	0
1215	1396.3	0
1215	1397.39	0
1215	1398.48	0
1215	1399.57	0
1215	1400.66	0
1215	1401.74	0
1215	1402.83	0
1215	1403.92	0
1215	1405.01	0
1215	1406.1	0
1215	1407.18	0
1215	1408.27	0
1215	1409.36	0
1215	1410.45	0
1215	1411.54	0
1215	1412.63	0
1215	1413.71	0
1215	1414.8	0
1215	1415.89	0
1215	1416.98	0
1215	1418.07	0
1215	1419.15	0
1215	1420.24	0
1215	1421.33	0
1215	1422.42	0
1215	1423.51	0
1215	1424.59	0
1215	1425.68	0
1215	1426.77	0
1215	1427.86	0
1215	1428.95	0
1215	1430.03	0
1215	1431.12	0
1215	1432.21	0
1215	1433.3	0
1215	1434.39	0
1215	1435.48	0
1215	1436.56	0
1215	1437.65	0
1215	1438.74	0
1215	1439.83	0
1215	1440.92	0
1215	1442	0
1215	1443.09	0
1215	1444.18	0
1215	1445.27	0
1215	1446.36	0
1215	1447.44	0
1215	1448.53	0
1215	1449.62	0
1215	1450.71	0
1215	1451.8	0
1215	1452.89	0
1215	1453.97	0
1215	1455.06	0
1215	1456.15	0
1215	1457.24	0
1215	1458.33	0
1215	1459.41	0
1215	1460.5	0
1215	1461.59	0
1215	1462.68	0
1215	1463.77	0
1215	1464.85	0
1215	1465.94	0
1215	1467.03	0
1215	1468.12	0
1215	1469.21	0
1215	1470.29	0
1215	1471.38	0
1215	1472.47	0
1215	1473.56	0
1215	1474.65	0
1215	1475.74	0
1215	1476.82	0
1215	1477.91	0
1215	1479	0
1215	1480.09	0
1215	1481.18	0
1215	1482.26	0
1215	1483.35	0
1215	1484.44	0
1215	1485.53	0
1215	1486.62	0
1215	1487.7	0
1215	1488.79	0
1215	1489.88	0
1215	1490.97	0
1215	1492.06	0
1215	1493.14	0
1215	1494.23	0
1215	1495.32	0
1215	1496.41	0
1215	1497.5	0
1215	1498.59	0
1215	1499.67	0
1215	1500.76	0
1215	1501.85	0
1215	1502.94	0
1215	1504.03	0
1215	1505.11	0
1215	1506.2	0
1215	1507.29	0
1215	1508.38	0
1215	1509.47	0
1215	1510.55	0
1215	1511.64	0
1215	1512.73	0
1215	1513.82	0
1215	1514.91	0
1215	1516	0
1215	1517.08	0
1215	1518.17	0
1215	1519.26	0
1215	1520.35	0
1215	1521.44	0
1215	1522.52	0
1215	1523.61	0
1215	1524.7	0
1215	1525.79	0
1215	1526.88	0
1215	1527.96	0
1215	1529.05	0
1215	1530.14	0
1215	1531.23	0
1215	1532.32	0
1215	1533.4	0
1215	1534.49	0
1215	1535.58	0
1215	1536.67	0
1215	1537.76	0
1215	1538.85	0
1215	1539.93	0
1215	1541.02	0
1215	1542.11	0
1215	1543.2	0
1215	1544.29	0
1215	1545.37	0
1215	1546.46	0
1215	1547.55	0
1215	1548.64	0
1215	1549.73	0
1215	1550.81	0
1215	1551.9	0
1215	1552.99	0
1215	1554.08	0
1215	1555.17	0
1215	1556.25	0
1215	1557.34	0
1215	1558.43	0
1215	1559.52	0
1215	1560.61	0
1215	1561.7	0
1215	1562.78	0
1215	1563.87	0
1215	1564.96	0
1215	1566.05	0
1215	1567.14	0
1215	1568.22	0
1215	1569.31	0
1215	1570.4	0
1215	1571.49	0
1215	1572.58	0
1215	1573.66	0
1215	1574.75	0
1215	1575.84	0
1215	1576.93	0
1215	1578.02	0
1215	1579.11	0
1215	1580.19	0
1215	1581.28	0
1215	1582.37	0
1215	1583.46	0
1215	1584.55	0
1215	1585.63	0
1215	1586.72	0
1215	1587.81	0
1215	1588.9	0
1215	1589.99	0
1215	1591.07	0
1215	1592.16	0
1215	1593.25	0
1215	1594.34	0
1215	1595.43	0
1215	1596.51	0
1215	1597.6	0
1215	1598.69	0
1215	1599.78	0
1215	1600.87	0
1215	1601.96	0
1215	1603.04	0
1215	1604.13	0
1215	1605.22	0
1215	1606.31	0
1215	1607.4	0
1215	1608.48	0
1215	1609.57	0
1215	1610.66	0
1215	1611.75	0
1215	1612.84	0
1215	1613.92	0
1215	1615.01	0
1215	1616.1	0
1215	1617.19	0
1215	1618.28	0
1215	1619.36	0
1215	1620.45	0
1215	1621.54	0
1215	1622.63	0
1215	1623.72	0
1215	1624.81	0
1215	1625.89	0
1215	1626.98	0
1215	1628.07	0
1215	1629.16	0
1215	1630.25	0
1215	1631.33	0
1215	1632.42	0
1215	1633.51	0
1215	1634.6	0
1215	1635.69	0
1215	1636.77	0
1215	1637.86	0
1215	1638.95	0
1215	1640.04	0
1215	1641.13	0
1215	1642.22	0
1215	1643.3	0
1215	1644.39	0
1215	1645.48	0
1215	1646.57	0
1215	1647.66	0
1215	1648.74	0
1215	1649.83	0
1215	1650.92	0
1215	1652.01	0
1215	1653.1	0
1215	1654.18	0
1215	1655.27	0
1215	1656.36	0
1215	1657.45	0
1215	1658.54	0
1215	1659.62	0
1215	1660.71	0
1215	1661.8	0
1215	1662.89	0
1215	1663.98	0
1215	1665.07	0
1215	1666.15	0
1215	1667.24	0
1215	1668.33	0
1215	1669.42	0
1215	1670.51	0
1215	1671.59	0
1215	1672.68	0
1215	1673.77	0
1215	1674.86	0
1215	1675.95	0
1215	1677.03	0
1215	1678.12	0
1215	1679.21	0
1215	1680.3	0
1215	1681.39	0
1215	1682.47	0
1215	1683.56	0
1215	1684.65	0
1215	1685.74	0
1215	1686.83	0
1215	1687.92	0
1215	1689	0
1215	1690.09	0
1215	1691.18	0
1215	1692.27	0
1215	1693.36	0
1215	1694.44	0
1215	1695.53	0
1215	1696.62	0
1215	1697.71	0
1215	1698.8	0
1215	1699.88	0
1215	1700.97	0
1215	1702.06	0
1215	1703.15	0
1215	1704.24	0
1215	1705.33	0
1215	1706.41	0
1215	1707.5	0
1215	1708.59	0
1215	1709.68	0
1215	1710.77	0
1215	1711.85	0
1215	1712.94	0
1215	1714.03	0
1215	1715.12	0
1215	1716.21	0
1215	1717.29	0
1215	1718.38	0
1215	1719.47	0
1215	1720.56	0
1215	1721.65	0
1215	1722.73	0
1215	1723.82	0
1215	1724.91	0
1215	1726	0
1215	1727.09	0
1215	1728.18	0
1215	1729.26	0
1215	1730.35	0
1215	1731.44	0
1215	1732.53	0
1215	1733.62	0
1215	1734.7	0
1215	1735.79	0
1215	1736.88	0
1215	1737.97	0
1215	1739.06	0
1215	1740.14	0
1215	1741.23	0
1215	1742.32	0
1215	1743.41	0
1215	1744.5	0
1215	1745.58	0
1215	1746.67	0
1215	1747.76	0
1215	1748.85	0
1215	1749.94	0
1215	1751.03	0
1215	1752.11	0
1215	1753.2	0
1215	1754.29	0
1215	1755.38	0
1215	1756.47	0
1215	1757.55	0
1215	1758.64	0
1215	1759.73	0
1215	1760.82	0
1215	1761.91	0
1215	1762.99	0
1215	1764.08	0
1215	1765.17	0
1215	1766.26	0
1215	1767.35	0
1215	1768.44	0
1215	1769.52	0
1215	1770.61	0
1215	1771.7	0
1215	1772.79	0
1215	1773.88	0
1215	1774.96	0
1215	1776.05	0
1215	1777.14	0
1215	1778.23	0
1215	1779.32	0
1215	1780.4	0
1215	1781.49	0
1215	1782.58	0
1215	1783.67	0
1215	1784.76	0
1215	1785.84	0
1215	1786.93	0
1215	1788.02	0
1215	1789.11	0
1215	1790.2	0
1215	1791.29	0
1215	1792.37	0
1215	1793.46	0
1215	1794.55	0
1215	1795.64	0
1215	1796.73	0
1215	1797.81	0
1215	1798.9	0
1215	1799.99	0
1215	1801.08	0
1215	1802.17	0
1215	1803.25	0
1215	1804.34	0
1215	1805.43	0
1215	1806.52	0
1215	1807.61	0
1215	1808.69	0
1215	1809.78	0
1215	1810.87	0
1215	1811.96	0
1215	1813.05	0
1215	1814.14	0
1215	1815.22	0
1215	1816.31	0
1215	1817.4	0
1215	1818.49	0
1215	1819.58	0
1215	1820.66	0
1215	1821.75	0
1215	1822.84	0
1215	1823.93	0
1215	1825.02	0
1215	1826.1	0
1215	1827.19	0
1215	1828.28	0
1215	1829.37	0
1215	1830.46	0
1215	1831.55	0
1215	1832.63	0
1215	1833.72	0
1215	1834.81	0
1215	1835.9	0
1215	1836.99	0
1215	1838.07	0
1215	1839.16	0
1215	1840.25	0
1215	1841.34	0
1215	1842.43	0
1215	1843.51	0
1215	1844.6	0
1215	1845.69	0
1215	1846.78	0
1215	1847.87	0
1215	1848.95	0
1215	1850.04	0
1215	1851.13	0
1215	1852.22	0
1215	1853.31	0
1215	1854.4	0
1215	1855.48	0
1215	1856.57	0
1215	1857.66	0
1215	1858.75	0
1215	1859.84	0
1215	1860.92	0
1215	1862.01	0
1215	1863.1	0
1215	1864.19	0
1215	1865.28	0
1215	1866.36	0
1215	1867.45	0
1215	1868.54	0
1215	1869.63	0
1215	1870.72	0
1215	1871.8	0
1215	1872.89	0
1215	1873.98	0
1215	1875.07	0
1215	1876.16	0
1215	1877.25	0
1215	1878.33	0
1215	1879.42	0
1215	1880.51	0
1215	1881.6	0
1215	1882.69	0
1215	1883.77	0
1215	1884.86	0
1215	1885.95	0
1215	1887.04	0
1215	1888.13	0
1215	1889.21	0
1215	1890.3	0
1215	1891.39	0
1215	1892.48	0
1215	1893.57	0
1215	1894.66	0
1215	1895.74	0
1215	1896.83	0
1215	1897.92	0
1215	1899.01	0
1215	1900.1	0
1215	1901.18	0
1215	1902.27	0
1215	1903.36	0
1215	1904.45	0
1215	1905.54	0
1215	1906.62	0
1215	1907.71	0
1215	1908.8	0
1215	1909.89	0
1215	1910.98	0
1215	1912.06	0
1215	1913.15	0
1215	1914.24	0
1215	1915.33	0
1215	1916.42	0
1215	1917.51	0
1215	1918.59	0
1215	1919.68	0
1215	1920.77	0
1215	1921.86	0
1215	1922.95	0
1215	1924.03	0
1215	1925.12	0
1215	1926.21	0
1215	1927.3	0
1215	1928.39	0
1215	1929.47	0
1215	1930.56	0
1215	1931.65	0
1215	1932.74	0
1215	1933.83	0
1215	1934.91	0
1215	1936	0
1215	1937.09	0
1215	1938.18	0
1215	1939.27	0
1215	1940.36	0
1215	1941.44	0
1215	1942.53	0
1215	1943.62	0
1215	1944.71	0
1215	1945.8	0
1215	1946.88	0
1215	1947.97	0
1215	1949.06	0
1215	1950.15	0
1215	1951.24	0
1215	1952.32	0
1215	1953.41	0
1215	1954.5	0
1215	1955.59	0
1215	1956.68	0
1215	1957.75	0
1215	1958.81	0
1215	1959.86	0
1215	1960.89	0
1215	1961.91	0
1215	1962.92	0
1215	1963.91	0
1215	1964.89	0
1215	1965.86	0
1215	1966.81	0
1215	1967.75	0
1215	1968.67	0
1215	1969.58	0
1215	1970.48	0
1215	1971.37	0
1215	1972.24	0
1215	1973.09	0
1215	1973.94	0
1215	1974.77	0
1215	1975.58	0
1215	1976.39	0
1215	1977.17	0
1215	1977.95	0
1215	1978.71	0
1215	1979.46	0
1215	1980.19	0
1215	1980.91	0
1215	1981.62	0
1215	1982.32	0
1215	1983	0
1215	1983.66	0
1215	1984.31	0
1215	1984.95	0
1215	1985.58	0
1215	1986.19	0
1215	1986.79	0
1215	1987.38	0
1215	1987.95	0
1215	1988.5	0
1215	1989.05	0
1215	1989.58	0
1215	1990.1	0
1215	1990.6	0
1215	1991.09	0
1215	1991.56	0
1215	1992.03	0
1215	1992.48	0
1215	1992.91	0
1215	1993.33	0
1215	1993.74	0
1215	1994.14	0
1215	1994.52	0
1215	1994.88	0
1215	1995.24	0
1215	1995.58	0
1215	1995.9	0
1215	1996.22	0
1215	1996.52	0
1215	1996.8	0
1215	1997.07	0
1215	1997.33	0
1215	1997.58	0
1215	1997.81	0
1215	1998.03	0
1215	1998.23	0
1215	1998.42	0
1215	1998.6	0
1215	1998.76	0
1215	1998.91	0
1215	1999.05	0
1215	1999.17	0
1215	1999.28	0
1215	1999.37	0
1215	1999.45	0
1215	1999.52	0
1215	1999.58	0
1215	1999.62	0
1215	1999.64	0
1215	1999.66	0
1215	1999.66	0
1215	1999.64	0
1215	1999.64	0.000310887
1215	1999.64	0.000777217
1215	1999.64	0.00139899
1215	1999.64	0.00217621
1215	1999.64	0.00310887
1215	1999.64	0.00419697
1215	1999.64	0.00544052
1215	1999.64	0.00683951
1215	1999.64	0.00839394
1215	1999.64	0.0101038
1215	1999.64	0.0119691
1215	1999.64	0.0139899
1215	1999.64	0.0161661
1215	1999.64	0.0184978
1215	1999.64	0.0209849
1215	1999.64	0.0236274
1215	1999.64	0.0264254
1215	1999.64	0.0293788
1215	1999.64	0.0324877
1215	1999.64	0.035752
1215	1999.64	0.0391717
1215	1999.64	0.0427469
1215	1999.64	0.0464776
1215	1999.64	0.0503637
1215	1999.64	0.0544052
1215	1999.64	0.0586022
1215	1999.64	0.0629546
1215	1999.64	0.0674624
1215	1999.64	0.0721257
1215	1999.64	0.0769445
1215	1999.64	0.0819187
1215	1999.64	0.0870483
1215	1999.64	0.0923334
1215	1999.64	0.0977739
1215	1999.64	0.10337
1215	1999.64	0.109121
1215	1999.64	0.115028
1215	1999.64	0.12109
1215	1999.64	0.127308
1215	1999.64	0.133681
1215	1999.64	0.14021
1215	1999.64	0.146894
1215	1999.64	0.153734
1215	1999.64	0.160728
1215	1999.64	0.167879
1215	1999.64	0.175185
1215	1999.64	0.182646
1215	1999.64	0.190263
1215	1999.64	0.198035
1215	1999.64	0.205962
1215	1999.64	0.214046
1215	1999.64	0.222284
1215	1999.64	0.230678
1215	1999.64	0.239227
1215	1999.64	0.247932
1215	1999.64	0.256792
1215	1999.64	0.265808
1215	1999.64	0.274979
1215	1999.64	0.284306
1215	1999.64	0.293788
1215	1999.64	0.303425
1215	1999.64	0.313218
1215	1999.64	0.323167
1215	1999.64	0.333271
1215	1999.64	0.34353
1215	1999.64	0.353945
1215	1999.64	0.364515
1215	1999.64	0.37524
1215	1999.64	0.386121
1215	1999.64	0.397158
1215	1999.64	0.40835
1215	1999.64	0.419697
1215	1999.64	0.4312
1215	1999.64	0.442858
1215	1999.64	0.454672
1215	1999.64	0.466641
1215	1999.64	0.478766
1215	1999.64	0.491046
1215	1999.64	0.503481
1215	1999.64	0.515917
1215	1999.64	0.528352
1215	1999.64	0.540788
1215	1999.64	0.553223
1215	1999.64	0.565658
1215	1999.64	0.578094
1215	1999.64	0.590529
1215	1999.64	0.602965
1215	1999.64	0.6154
1215	1999.64	0.627836
1215	1999.64	0.640271
1215	1999.64	0.652707
1215	1999.64	0.665142
1215	1999.64	0.677578
1215	1999.64	0.690013
1215	1999.64	0.702449
1215	1999.64	0.714884
1215	1999.64	0.72732
1215	1999.64	0.739755
1215	1999.64	0.752191
1215	1999.64	0.764626
1215	1999.64	0.777061
1215	1999.64	0.789497
1215	1999.64	0.801932
1215	1999.64	0.814368
1215	1999.64	0.826803
1215	1999.64	0.839239
1215	1999.64	0.851674
1215	1999.64	0.86411
1215	1999.64	0.876545
1215	1999.64	0.888981
1215	1999.64	0.901416
1215	1999.64	0.913852
1215	1999.64	0.926287
1215	1999.64	0.938723
1215	1999.64	0.951158
1215	1999.64	0.963594
1215	1999.64	0.976029
1215	1999.64	0.988464
1215	1999.64	1.0009
1215	1999.64	1.01334
1215	1999.64	1.02577
1215	1999.64	1.03821
1215	1999.64	1.05064
1215	1999.64	1.06308
1215	1999.64	1.07551
1215	1999.64	1.08779
1215	1999.64	1.09992
1215	1999.64	1.11189
1215	1999.64	1.1237
1215	1999.64	1.13536
1215	1999.64	1.14686
1215	1999.64	1.15821
1215	1999.64	1.1694
1215	1999.64	1.18044
1215	1999.64	1.19132
1215	1999.64	1.20204
1215	1999.64	1.21261
1215	1999.64	1.22303
1215	1999.64	1.23329
1215	1999.64	1.24339
1215	1999.64	1.25334
1215	1999.64	1.26313
1215	1999.64	1.27277
1215	1999.64	1.28225
1215	1999.64	1.29158
1215	1999.64	1.30075
1215	1999.64	1.30977
1215	1999.64	1.31863
1215	1999.64	1.32733
1215	1999.64	1.33588
1215	1999.64	1.34427
1215	1999.64	1.35251
1215	1999.64	1.3606
1215	1999.64	1.36852
1215	1999.64	1.3763
1215	1999.64	1.38391
1215	1999.64	1.39137
1215	1999.64	1.39868
1215	1999.64	1.40583
1215	1999.64	1.41282
1215	1999.64	1.41966
1215	1999.64	1.42635
1215	1999.64	1.43288
1215	1999.64	1.43925
1215	1999.64	1.44547
1215	1999.64	1.45153
1215	1999.64	1.45744
1215	1999.64	1.46319
1215	1999.64	1.46878
1215	1999.64	1.47423
1215	1999.64	1.47951
1215	1999.64	1.48464
1215	1999.64	1.48961
1215	1999.64	1.49443
1215	1999.64	1.4991
1215	1999.64	1.5036
1215	1999.64	1.50796
1215	1999.64	1.51215
1215	1999.64	1.51619
1215	1999.64	1.52008
1215	1999.64	1.52381
1215	1999.64	1.52739
1215	1999.64	1.53081
1215	1999.64	1.53407
1215	1999.64	1.53718
1215	1999.64	1.54013
1215	1999.64	1.54293
1215	1999.64	1.54557
1215	1999.64	1.54806
1215	1999.64	1.55039
1215	1999.64	1.55257
1215	1999.64	1.55459
1215	1999.64	1.55645
1215	1999.64	1.55816
1215	1999.64	1.55972
1215	1999.64	1.56112
1215	1999.64	1.56236
1215	1999.64	1.56345
1215	1999.64	1.56438
1215	1999.64	1.56516
1215	1999.64	1.56578
1215	1999.64	1.56625
1215	1999.64	1.56656
1215	1999.64	1.56671
1215	1999.64	1.56671
1215	1999.64	1.56656
1215.03	1999.64	1.56656
1215.07	1999.64	1.56656
1215.12	1999.64	1.56656
1215.19	1999.64	1.56656
1215.27	1999.64	1.56656
1215.37	1999.65	1.56656
1215.48	1999.65	1.56656
1215.6	1999.65	1.56656
1215.73	1999.65	1.56656
1215.88	1999.65	1.56656
1216.05	1999.65	1.56656
1216.22	1999.65	1.56656
1216.41	1999.65	1.56656
1216.62	1999.65	1.56656
1216.84	1999.65	1.56656
1217.07	1999.65	1.56656
1217.31	1999.65	1.56656
1217.57	1999.65	1.56656
1217.84	1999.66	1.56656
1218.13	1999.66	1.56656
1218.43	1999.66	1.56656
1218.74	1999.66	1.56656
1219.07	1999.66	1.56656
1219.41	1999.66	1.56656
1219.76	1999.66	1.56656
1220.13	1999.67	1.56656
1220.51	1999.67	1.56656
1220.9	1999.67	1.56656
1221.31	1999.67	1.56656
1221.73	1999.67	1.56656
1222.17	1999.67	1.56656
1222.62	1999.68	1.56656
1223.08	1999.68	1.56656
1223.56	1999.68	1.56656
1224.04	1999.68	1.56656
1224.55	1999.68	1.56656
1225.06	1999.69	1.56656
1225.6	1999.69	1.56656
1226.14	1999.69	1.56656
1226.7	1999.69	1.56656
1227.27	1999.7	1.56656
1227.85	1999.7	1.56656
1228.45	1999.7	1.56656
1229.06	1999.7	1.56656
1229.69	1999.71	1.56656
1230.33	1999.71	1.56656
1230.98	1999.71	1.56656
1231.65	1999.71	1.56656
1232.33	1999.72	1.56656
1233.02	1999.72	1.56656
1233.73	1999.72	1.56656
1234.45	1999.73	1.56656
1235.18	1999.73	1.56656
1235.93	1999.73	1.56656
1236.69	1999.74	1.56656
1237.47	1999.74	1.56656
1238.26	1999.74	1.56656
1239.06	1999.75	1.56656
1239.88	1999.75	1.56656
1240.71	1999.75	1.56656
1241.55	1999.76	1.56656
1242.41	1999.76	1.56656
1243.28	1999.76	1.56656
1244.16	1999.77	1.56656
1245.06	1999.77	1.56656
1245.97	1999.77	1.56656
1246.89	1999.78	1.56656
1247.83	1999.78	1.56656
1248.79	1999.79	1.56656
1249.75	1999.79	1.56656
1250.73	1999.79	1.56656
1251.72	1999.8	1.56656
1252.73	1999.8	1.56656
1253.75	1999.81	1.56656
1254.78	1999.81	1.56656
1255.83	1999.82	1.56656
1256.89	1999.82	1.56656
1257.97	1999.83	1.56656
1259.05	1999.83	1.56656
1260.14	1999.83	1.56656
1261.23	1999.84	1.56656
1262.32	1999.84	1.56656
1263.41	1999.85	1.56656
1264.49	1999.85	1.56656
1265.58	1999.86	1.56656
1266.67	1999.86	1.56656
1267.76	1999.87	1.56656
1268.85	1999.87	1.56656
1269.94	1999.88	1.56656
1271.02	1999.88	1.56656
1272.11	1999.89	1.56656
1273.2	1999.89	1.56656
1274.29	1999.89	1.56656
1275.38	1999.9	1.56656
1276.46	1999.9	1.56656
1277.55	1999.91	1.56656
1278.64	1999.91	1.56656
1279.73	1999.92	1.56656
1280.82	1999.92	1.56656
1281.9	1999.93	1.56656
1282.99	1999.93	1.56656
1284.08	1999.94	1.56656
1285.17	1999.94	1.56656
1286.26	1999.95	1.56656
1287.34	1999.95	1.56656
1288.43	1999.95	1.56656
1289.52	1999.96	1.56656
1290.61	1999.96	1.56656
1291.7	1999.97	1.56656
1292.79	1999.97	1.56656
1293.87	1999.98	1.56656
1294.96	1999.98	1.56656
1296.05	1999.99	1.56656
1297.14	1999.99	1.56656
1298.23	2000	1.56656
1299.31	2000	1.56656
1300.4	2000.01	1.56656
1301.49	2000.01	1.56656
1302.58	2000.01	1.56656
1303.67	2000.02	1.56656
1304.75	2000.02	1.56656
1305.84	2000.03	1.56656
1306.93	2000.03	1.56656
1308.02	2000.04	1.56656
1309.11	2000.04	1.56656
1310.19	2000.05	1.56656
1311.28	2000.05	1.56656
1312.37	2000.06	1.56656
1313.46	2000.06	1.56656
1314.55	2000.07	1.56656
1315.64	2000.07	1.56656
1316.72	2000.07	1.56656
1317.81	2000.08	1.56656
1318.9	2000.08	1.56656
1319.99	2000.09	1.56656
1321.08	2000.09	1.56656
1322.16	2000.1	1.56656
1323.25	2000.1	1.56656
1324.34	2000.11	1.56656
1325.43	2000.11	1.56656
1326.52	2000.12	1.56656
1327.6	2000.12	1.56656
1328.69	2000.13	1.56656
1329.78	2000.13	1.56656
1330.87	2000.13	1.56656
1331.96	2000.14	1.56656
1333.04	2000.14	1.56656
1334.13	2000.15	1.56656
1335.22	2000.15	1.56656
1336.31	2000.16	1.56656
1337.4	2000.16	1.56656
1338.49	2000.17	1.56656
1339.57	2000.17	1.56656
1340.66	2000.18	1.56656
1341.75	2000.18	1.56656
1342.84	2000.19	1.56656
1343.93	2000.19	1.56656
1345.01	2000.19	1.56656
1346.1	2000.2	1.56656
1347.19	2000.2	1.56656
1348.28	2000.21	1.56656
1349.37	2000.21	1.56656
1350.45	2000.22	1.56656
1351.54	2000.22	1.56656
1352.63	2000.23	1.56656
1353.72	2000.23	1.56656
1354.81	2000.24	1.56656
1355.89	2000.24	1.56656
1356.98	2000.25	1.56656
1358.07	2000.25	1.56656
1359.16	2000.25	1.56656
1360.25	2000.26	1.56656
1361.34	2000.26	1.56656
1362.42	2000.27	1.56656
1363.51	2000.27	1.56656
1364.6	2000.28	1.56656
1365.69	2000.28	1.56656
1366.78	2000.29	1.56656
1367.86	2000.29	1.56656
1368.95	2000.3	1.56656
1370.04	2000.3	1.56656
1371.13	2000.31	1.56656
1372.22	2000.31	1.56656
1373.3	2000.31	1.56656
1374.39	2000.32	1.56656
1375.48	2000.32	1.56656
1376.57	2000.33	1.56656
1377.66	2000.33	1.56656
1378.74	2000.34	1.56656
1379.83	2000.34	1.56656
1380.92	2000.35	1.56656
1382.01	2000.35	1.56656
1383.1	2000.36	1.56656
1384.19	2000.36	1.56656
1385.27	2000.37	1.56656
1386.36	2000.37	1.56656
1387.45	2000.37	1.56656
1388.54	2000.38	1.56656
1389.63	2000.38	1.56656
1390.71	2000.39	1.56656
1391.8	2000.39	1.56656
1392.89	2000.4	1.56656
1393.98	2000.4	1.56656
1395.07	2000.41	1.56656
1396.15	2000.41	1.56656
1397.24	2000.42	1.56656
1398.33	2000.42	1.56656
1399.42	2000.43	1.56656
1400.51	2000.43	1.56656
1401.59	2000.43	1.56656
1402.68	2000.44	1.56656
1403.77	2000.44	1.56656
1404.86	2000.45	1.56656
1405.95	2000.45	1.56656
1407.03	2000.46	1.56656
1408.12	2000.46	1.56656
1409.21	2000.47	1.56656
1410.3	2000.47	1.56656
1411.39	2000.48	1.56656
1412.48	2000.48	1.56656
1413.56	2000.49	1.56656
1414.65	2000.49	1.56656
1415.74	2000.49	1.56656
1416.83	2000.5	1.56656
1417.92	2000.5	1.56656
1419	2000.51	1.56656
1420.09	2000.51	1.56656
1421.18	2000.52	1.56656
1422.27	2000.52	1.56656
1423.36	2000.53	1.56656
1424.44	2000.53	1.56656
1425.53	2000.54	1.56656
1426.62	2000.54	1.56656
1427.71	2000.54	1.56656
1428.8	2000.55	1.56656
1429.88	2000.55	1.56656
1430.97	2000.56	1.56656
1432.06	2000.56	1.56656
1433.15	2000.57	1.56656
1434.24	2000.57	1.56656
1435.33	2000.58	1.56656
1436.41	2000.58	1.56656
1437.5	2000.59	1.56656
1438.59	2000.59	1.56656
1439.68	2000.6	1.56656
1440.77	2000.6	1.56656
1441.85	2000.6	1.56656
1442.94	2000.61	1.56656
1444.03	2000.61	1.56656
1445.12	2000.62	1.56656
1446.21	2000.62	1.56656
1447.29	2000.63	1.56656
1448.38	2000.63	1.56656
1449.47	2000.64	1.56656
1450.56	2000.64	1.56656
1451.65	2000.65	1.56656
1452.73	2000.65	1.56656
1453.82	2000.66	1.56656
1454.91	2000.66	1.56656
1456	2000.66	1.56656
1457.09	2000.67	1.56656
1458.18	2000.67	1.56656
1459.26	2000.68	1.56656
1460.35	2000.68	1.56656
1461.44	2000.69	1.56656
1462.53	2000.69	1.56656
1463.62	2000.7	1.56656
1464.7	2000.7	1.56656
1465.79	2000.71	1.56656
1466.88	2000.71	1.56656
1467.97	2000.72	1.56656
1469.06	2000.72	1.56656
1470.14	2000.72	1.56656
1471.23	2000.73	1.56656
1472.32	2000.73	1.56656
1473.41	2000.74	1.56656
1474.5	2000.74	1.56656
1475.58	2000.75	1.56656
1476.67	2000.75	1.56656
1477.76	2000.76	1.56656
1478.85	2000.76	1.56656
1479.94	2000.77	1.56656
1481.03	2000.77	1.56656
1482.11	2000.78	1.56656
1483.2	2000.78	1.56656
1484.29	2000.78	1.56656
1485.38	2000.79	1.56656
1486.47	2000.79	1.56656
1487.55	2000.8	1.56656
1488.64	2000.8	1.56656
1489.73	2000.81	1.56656
1490.82	2000.81	1.56656
1491.91	2000.82	1.56656
1492.99	2000.82	1.56656
1494.08	2000.83	1.56656
1495.17	2000.83	1.56656
1496.26	2000.84	1.56656
1497.35	2000.84	1.56656
1498.43	2000.84	1.56656
1499.52	2000.85	1.56656
1500.61	2000.85	1.56656
1501.7	2000.86	1.56656
1502.79	2000.86	1.56656
1503.88	2000.87	1.56656
1504.96	2000.87	1.56656
1506.05	2000.88	1.56656
1507.14	2000.88	1.56656
1508.23	2000.89	1.56656
1509.32	2000.89	1.56656
1510.4	2000.9	1.56656
1511.49	2000.9	1.56656
1512.58	2000.9	1.56656
1513.67	2000.91	1.56656
1514.76	2000.91	1.56656
1515.84	2000.92	1.56656
1516.93	2000.92	1.56656
1518.02	2000.93	1.56656
1519.11	2000.93	1.56656
1520.2	2000.94	1.56656
1521.28	2000.94	1.56656
1522.37	2000.95	1.56656
1523.46	2000.95	1.56656
1524.55	2000.96	1.56656
1525.64	2000.96	1.56656
1526.73	2000.96	1.56656
1527.81	2000.97	1.56656
1528.9	2000.97	1.56656
1529.99	2000.98	1.56656
1531.08	2000.98	1.56656
1532.17	2000.99	1.56656
1533.25	2000.99	1.56656
1534.34	2001	1.56656
1535.43	2001	1.56656
1536.52	2001.01	1.56656
1537.61	2001.01	1.56656
1538.69	2001.02	1.56656
1539.78	2001.02	1.56656
1540.87	2001.02	1.56656
1541.96	2001.03	1.56656
1543.05	2001.03	1.56656
1544.13	2001.04	1.56656
1545.22	2001.04	1.56656
1546.31	2001.05	1.56656
1547.4	2001.05	1.56656
1548.49	2001.06	1.56656
1549.58	2001.06	1.56656
1550.66	2001.07	1.56656
1551.75	2001.07	1.56656
1552.84	2001.08	1.56656
1553.93	2001.08	1.56656
1555.02	2001.08	1.56656
1556.1	2001.09	1.56656
1557.19	2001.09	1.56656
1558.28	2001.1	1.56656
1559.37	2001.1	1.56656
1560.46	2001.11	1.56656
1561.54	2001.11	1.56656
1562.63	2001.12	1.56656
1563.72	2001.12	1.56656
1564.81	2001.13	1.56656
1565.9	2001.13	1.56656
1566.98	2001.14	1.56656
1568.07	2001.14	1.56656
1569.16	2001.14	1.56656
1570.25	2001.15	1.56656
1571.34	2001.15	1.56656
1572.43	2001.16	1.56656
1573.51	2001.16	1.56656
1574.6	2001.17	1.56656
1575.69	2001.17	1.56656
1576.78	2001.18	1.56656
1577.87	2001.18	1.56656
1578.95	2001.19	1.56656
1580.04	2001.19	1.56656
1581.13	2001.2	1.56656
1582.22	2001.2	1.56656
1583.31	2001.2	1.56656
1584.39	2001.21	1.56656
1585.48	2001.21	1.56656
1586.57	2001.22	1.56656
1587.66	2001.22	1.56656
1588.75	2001.23	1.56656
1589.83	2001.23	1.56656
1590.92	2001.24	1.56656
1592.01	2001.24	1.56656
1593.1	2001.25	1.56656
1594.19	2001.25	1.56656
1595.28	2001.26	1.56656
1596.36	2001.26	1.56656
1597.45	2001.26	1.56656
1598.54	2001.27	1.56656
1599.63	2001.27	1.56656
1600.72	2001.28	1.56656
1601.8	2001.28	1.56656
1602.89	2001.29	1.56656
1603.98	2001.29	1.56656
1605.07	2001.3	1.56656
1606.16	2001.3	1.56656
1607.24	2001.31	1.56656
1608.33	2001.31	1.56656
1609.42	2001.32	1.56656
1610.51	2001.32	1.56656
1611.6	2001.32	1.56656
1612.68	2001.33	1.56656
1613.77	2001.33	1.56656
1614.86	2001.34	1.56656
1615.95	2001.34	1.56656
1617.04	2001.35	1.56656
1618.13	2001.35	1.56656
1619.21	2001.36	1.56656
1620.3	2001.36	1.56656
1621.39	2001.37	1.56656
1622.48	2001.37	1.56656
1623.57	2001.38	1.56656
1624.65	2001.38	1.56656
1625.74	2001.38	1.56656
1626.83	2001.39	1.56656
1627.92	2001.39	1.56656
1629.01	2001.4	1.56656
1630.09	2001.4	1.56656
1631.18	2001.41	1.56656
1632.27	2001.41	1.56656
1633.36	2001.42	1.56656
1634.45	2001.42	1.56656
1635.53	2001.43	1.56656
1636.62	2001.43	1.56656
1637.71	2001.43	1.56656
1638.8	2001.44	1.56656
1639.89	2001.44	1.56656
1640.98	2001.45	1.56656
1642.06	2001.45	1.56656
1643.15	2001.46	1.56656
1644.24	2001.46	1.56656
1645.33	2001.47	1.56656
1646.42	2001.47	1.56656
1647.5	2001.48	1.56656
1648.59	2001.48	1.56656
1649.68	2001.49	1.56656
1650.77	2001.49	1.56656
1651.86	2001.49	1.56656
1652.94	2001.5	1.56656
1654.03	2001.5	1.56656
1655.12	2001.51	1.56656
1656.21	2001.51	1.56656
1657.3	2001.52	1.56656
1658.38	2001.52	1.56656
1659.47	2001.53	1.56656
1660.56	2001.53	1.56656
1661.65	2001.54	1.56656
1662.74	2001.54	1.56656
1663.83	2001.55	1.56656
1664.91	2001.55	1.56656
1666	2001.55	1.56656
1667.09	2001.56	1.56656
1668.18	2001.56	1.56656
1669.27	2001.57	1.56656
1670.35	2001.57	1.56656
1671.44	2001.58	1.56656
1672.53	2001.58	1.56656
1673.6	2001.59	1.56656
1674.67	2001.59	1.56656
1675.71	2001.6	1.56656
1676.75	2001.6	1.56656
1677.77	2001.6	1.56656
1678.77	2001.61	1.56656
1679.77	2001.61	1.56656
1680.75	2001.62	1.56656
1681.71	2001.62	1.56656
1682.66	2001.63	1.56656
1683.6	2001.63	1.56656
1684.53	2001.63	1.56656
1685.44	2001.64	1.56656
1686.34	2001.64	1.56656
1687.22	2001.64	1.56656
1688.09	2001.65	1.56656
1688.95	2001.65	1.56656
1689.79	2001.66	1.56656
1690.62	2001.66	1.56656
1691.44	2001.66	1.56656
1692.24	2001.67	1.56656
1693.03	2001.67	1.56656
1693.8	2001.67	1.56656
1694.56	2001.68	1.56656
1695.31	2001.68	1.56656
1696.05	2001.68	1.56656
1696.77	2001.69	1.56656
1697.47	2001.69	1.56656
1698.17	2001.69	1.56656
1698.85	2001.69	1.56656
1699.51	2001.7	1.56656
1700.17	2001.7	1.56656
1700.81	2001.7	1.56656
1701.43	2001.71	1.56656
1702.04	2001.71	1.56656
1702.64	2001.71	1.56656
1703.23	2001.71	1.56656
1703.8	2001.72	1.56656
1704.36	2001.72	1.56656
1704.9	2001.72	1.56656
1705.43	2001.72	1.56656
1705.95	2001.72	1.56656
1706.45	2001.73	1.56656
1706.94	2001.73	1.56656
1707.42	2001.73	1.56656
1707.88	2001.73	1.56656
1708.33	2001.73	1.56656
1708.76	2001.74	1.56656
1709.19	2001.74	1.56656
1709.59	2001.74	1.56656
1709.99	2001.74	1.56656
1710.37	2001.74	1.56656
1710.74	2001.74	1.56656
1711.09	2001.75	1.56656
1711.43	2001.75	1.56656
1711.76	2001.75	1.56656
1712.07	2001.75	1.56656
1712.37	2001.75	1.56656
1712.65	2001.75	1.56656
1712.93	2001.75	1.56656
1713.18	2001.75	1.56656
1713.43	2001.76	1.56656
1713.66	2001.76	1.56656
1713.88	2001.76	1.56656
1714.08	2001.76	1.56656
1714.27	2001.76	1.56656
1714.45	2001.76	1.56656
1714.61	2001.76	1.56656
1714.76	2001.76	1.56656
1714.9	2001.76	1.56656
1715.02	2001.76	1.56656
1715.02	2001.76	1.56687
1715.02	2001.76	1.56734
1715.02	2001.76	1.56796
1715.02	2001.76	1.56873
1715.02	2001.76	1.56967
1715.02	2001.76	1.57076
1715.02	2001.76	1.572
1715.02	2001.76	1.5734
1715.02	2001.76	1.57495
1715.02	2001.76	1.57666
1715.02	2001.76	1.57853
1715.02	2001.76	1.58055
1715.02	2001.76	1.58272
1715.02	2001.76	1.58506
1715.02	2001.76	1.58754
1715.02	2001.76	1.59019
1715.02	2001.76	1.59298
1715.02	2001.76	1.59594
1715.02	2001.76	1.59905
1715.02	2001.76	1.60231
1715.02	2001.76	1.60573
1715.02	2001.76	1.60931
1715.02	2001.76	1.61304
1715.02	2001.76	1.61692
1715.02	2001.76	1.62096
1715.02	2001.76	1.62516
1715.02	2001.76	1.62951
1715.02	2001.76	1.63402
1715.02	2001.76	1.63868
1715.02	2001.76	1.6435
1715.02	2001.76	1.64848
1715.02	2001.76	1.65361
1715.02	2001.76	1.65889
1715.02	2001.76	1.66433
1715.02	2001.76	1.66993
1715.02	2001.76	1.67568
1715.02	2001.76	1.68159
1715.02	2001.76	1.68765
1715.02	2001.76	1.69387
1715.02	2001.76	1.70024
1715.02	2001.76	1.70677
1715.02	2001.76	1.71345
1715.02	2001.76	1.72029
1715.02	2001.76	1.72729
1715.02	2001.76	1.73444
1715.02	2001.76	1.74174
1715.02	2001.76	1.7492
1715.02	2001.76	1.75682
1715.02	2001.76	1.76459
1715.02	2001.76	1.77252
1715.02	2001.76	1.7806
1715.02	2001.76	1.78884
1715.02	2001.76	1.79724
1715.02	2001.76	1.80579
1715.02	2001.76	1.81449
1715.02	2001.76	1.82335
1715.02	2001.76	1.83237
1715.02	2001.76	1.84154
1715.02	2001.76	1.85086
1715.02	2001.76	1.86035
1715.02	2001.76	1.86998
1715.02	2001.76	1.87978
1715.02	2001.76	1.88973
1715.02	2001.76	1.89983
1715.02	2001.76	1.91009
1715.02	2001.76	1.9205
1715.02	2001.76	1.93107
1715.02	2001.76	1.9418
1715.02	2001.76	1.95268
1715.02	2001.76	1.96372
1715.02	2001.76	1.97491
1715.02	2001.76	1.98626
1715.02	2001.76	1.99776
1715.02	2001.76	2.00942
1715.02	2001.76	2.02123
1715.02	2001.76	2.0332
1715.02	2001.76	2.04532
1715.02	2001.76	2.0576
1715.02	2001.76	2.07004
1715.02	2001.76	2.08248
1715.02	2001.76	2.09491
1715.02	2001.76	2.10735
1715.02	2001.76	2.11978
1715.02	2001.76	2.13222
1715.02	2001.76	2.14465
1715.02	2001.76	2.15709
1715.02	2001.76	2.16952
1715.02	2001.76	2.18196
1715.02	2001.76	2.19439
1715.02	2001.76	2.20683
1715.02	2001.76	2.21927
1715.02	2001.76	2.2317
1715.02	2001.76	2.24414
1715.02	2001.76	2.25657
1715.02	2001.76	2.26901
1715.02	2001.76	2.28144
1715.02	2001.76	2.29388
1715.02	2001.76	2.30631
1715.02	2001.76	2.31875
1715.02	2001.76	2.33118
1715.02	2001.76	2.34362
1715.02	2001.76	2.35606
1715.02	2001.76	2.36849
1715.02	2001.76	2.38093
1715.02	2001.76	2.39336
1715.02	2001.76	2.4058
1715.02	2001.76	2.41823
1715.02	2001.76	2.43067
1715.02	2001.76	2.4431
1715.02	2001.76	2.45554
1715.02	2001.76	2.46797
1715.02	2001.76	2.48041
1715.02	2001.76	2.49285
1715.02	2001.76	2.50528
1715.02	2001.76	2.51772
1715.02	2001.76	2.53015
1715.02	2001.76	2.54259
1715.02	2001.76	2.55502
1715.02	2001.76	2.56746
1715.02	2001.76	2.57989
1715.02	2001.76	2.59233
1715.02	2001.76	2.60476
1715.02	2001.76	2.6172
1715.02	2001.76	2.62964
1715.02	2001.76	2.64207
1715.02	2001.76	2.65451
1715.02	2001.76	2.66694
1715.02	2001.76	2.67938
1715.02	2001.76	2.69181
1715.02	2001.76	2.70425
1715.02	2001.76	2.71668
1715.02	2001.76	2.72912
1715.02	2001.76	2.74156
1715.02	2001.76	2.75399
1715.02	2001.76	2.76643
1715.02	2001.76	2.77886
1715.02	2001.76	2.7913
1715.02	2001.76	2.80373
1715.02	2001.76	2.81617
1715.02	2001.76	2.8286
1715.02	2001.76	2.84104
1715.02	2001.76	2.85347
1715.02	2001.76	2.86591
1715.02	2001.76	2.87835
1715.02	2001.76	2.89078
1715.02	2001.76	2.90322
1715.02	2001.76	2.91565
1715.02	2001.76	2.92809
1715.02	2001.76	2.94037
1715.02	2001.76	2.95249
1715.02	2001.76	2.96446
1715.02	2001.76	2.97627
1715.02	2001.76	2.98793
1715.02	2001.76	2.99944
1715.02	2001.76	3.01078
1715.02	2001.76	3.02197
1715.02	2001.76	3.03301
1715.02	2001.76	3.04389
1715.02	2001.76	3.05462
1715.02	2001.76	3.06519
1715.02	2001.76	3.0756
1715.02	2001.76	3.08586
1715.02	2001.76	3.09597
1715.02	2001.76	3.10591
1715.02	2001.76	3.11571
1715.02	2001.76	3.12534
1715.02	2001.76	3.13483
1715.02	2001.76	3.14415
1715.02	2001.76	3.15332
1715.02	2001.76	3.16234
1715.02	2001.76	3.1712
1715.02	2001.76	3.17991
1715.02	2001.76	3.18845
1715.02	2001.76	3.19685
1715.02	2001.76	3.20509
1715.02	2001.76	3.21317
1715.02	2001.76	3.2211
1715.02	2001.76	3.22887
1715.02	2001.76	3.23649
1715.02	2001.76	3.24395
1715.02	2001.76	3.25125
1715.02	2001.76	3.2584
1715.02	2001.76	3.2654
1715.02	2001.76	3.27224
1715.02	2001.76	3.27892
1715.02	2001.76	3.28545
1715.02	2001.76	3.29182
1715.02	2001.76	3.29804
1715.02	2001.76	3.3041
1715.02	2001.76	3.31001
1715.02	2001.76	3.31576
1715.02	2001.76	3.32136
1715.02	2001.76	3.3268
1715.02	2001.76	3.33208
1715.02	2001.76	3.33721
1715.02	2001.76	3.34219
1715.02	2001.76	3.34701
1715.02	2001.76	3.35167
1715.02	2001.76	3.35618
1715.02	2001.76	3.36053
1715.02	2001.76	3.36473
1715.02	2001.76	3.36877
1715.02	2001.76	3.37266
1715.02	2001.76	3.37639
1715.02	2001.76	3.37996
1715.02	2001.76	3.38338
1715.02	2001.76	3.38665
1715.02	2001.76	3.38975
1715.02	2001.76	3.39271
1715.02	2001.76	3.39551
1715.02	2001.76	3.39815
1715.02	2001.76	3.40063
1715.02	2001.76	3.40297
1715.02	2001.76	3.40514
1715.02	2001.76	3.40716
1715.02	2001.76	3.40903
1715.02	2001.76	3.41074
1715.02	2001.76	3.41229
1715.02	2001.76	3.41369
1715.02	2001.76	3.41494
1715.02	2001.76	3.41602
1715.02	2001.76	3.41696
1715.02	2001.76	3.41773
1715.02	2001.76	3.41836
1715.02	2001.76	3.41882
1715.02	2001.76	3.41913
1715.02	2001.76	3.41929
1715.02	2001.76	3.41929
1715.02	2001.76	3.41913
1715.01	2001.74	3.41913
1715	2001.7	3.41913
1714.99	2001.64	3.41913
1714.97	2001.58	3.41913
1714.95	2001.5	3.41913
1714.92	2001.41	3.41913
1714.89	2001.3	3.41913
1714.86	2001.19	3.41913
1714.82	2001.06	3.41913
1714.78	2000.91	3.41913
1714.73	2000.76	3.41913
1714.68	2000.59	3.41913
1714.63	2000.4	3.41913
1714.58	2000.21	3.41913
1714.52	2000	3.41913
1714.45	1999.77	3.41913
1714.39	1999.54	3.41913
1714.32	1999.29	3.41913
1714.24	1999.03	3.41913
1714.16	1998.75	3.41913
1714.08	1998.47	3.41913
1714	1998.17	3.41913
1713.91	1997.85	3.41913
1713.81	1997.52	3.41913
1713.72	1997.18	3.41913
1713.62	1996.83	3.41913
1713.51	1996.46	3.41913
1713.4	1996.09	3.41913
1713.29	1995.69	3.41913
1713.18	1995.29	3.41913
1713.06	1994.87	3.41913
1712.93	1994.44	3.41913
1712.81	1993.99	3.41913
1712.68	1993.53	3.41913
1712.54	1993.06	3.41913
1712.4	1992.58	3.41913
1712.26	1992.08	3.41913
1712.12	1991.57	3.41913
1711.97	1991.05	3.41913
1711.82	1990.51	3.41913
1711.66	1989.96	3.41913
1711.5	1989.4	3.41913
1711.33	1988.83	3.41913
1711.17	1988.24	3.41913
1711	1987.64	3.41913
1710.82	1987.02	3.41913
1710.64	1986.39	3.41913
1710.46	1985.75	3.41913
1710.27	1985.1	3.41913
1710.08	1984.43	3.41913
1709.89	1983.75	3.41913
1709.69	1983.06	3.41913
1709.49	1982.35	3.41913
1709.28	1981.63	3.41913
1709.08	1980.9	3.41913
1708.86	1980.15	3.41913
1708.65	1979.39	3.41913
1708.43	1978.62	3.41913
1708.2	1977.84	3.41913
1707.98	1977.04	3.41913
1707.75	1976.23	3.41913
1707.51	1975.4	3.41913
1707.27	1974.57	3.41913
1707.03	1973.72	3.41913
1706.78	1972.85	3.41913
1706.53	1971.98	3.41913
1706.28	1971.09	3.41913
1706.02	1970.19	3.41913
1705.76	1969.27	3.41913
1705.5	1968.34	3.41913
1705.23	1967.4	3.41913
1704.96	1966.44	3.41913
1704.68	1965.48	3.41913
1704.4	1964.5	3.41913
1704.12	1963.5	3.41913
1703.83	1962.49	3.41913
1703.54	1961.47	3.41913
1703.25	1960.44	3.41913
1702.95	1959.39	3.41913
1702.65	1958.35	3.41913
1702.35	1957.3	3.41913
1702.06	1956.25	3.41913
1701.76	1955.21	3.41913
1701.46	1954.16	3.41913
1701.16	1953.12	3.41913
1700.86	1952.07	3.41913
1700.56	1951.02	3.41913
1700.27	1949.98	3.41913
1699.97	1948.93	3.41913
1699.67	1947.88	3.41913
1699.37	1946.84	3.41913
1699.07	1945.79	3.41913
1698.78	1944.74	3.41913
1698.48	1943.7	3.41913
1698.18	1942.65	3.41913
1697.88	1941.6	3.41913
1697.58	1940.56	3.41913
1697.28	1939.51	3.41913
1696.99	1938.46	3.41913
1696.69	1937.42	3.41913
1696.39	1936.37	3.41913
1696.09	1935.33	3.41913
1695.79	1934.28	3.41913
1695.5	1933.23	3.41913
1695.2	1932.19	3.41913
1694.9	1931.14	3.41913
1694.6	1930.09	3.41913
1694.3	1929.05	3.41913
1694.01	1928	3.41913
1693.71	1926.95	3.41913
1693.41	1925.91	3.41913
1693.11	1924.86	3.41913
1692.81	1923.81	3.41913
1692.51	1922.77	3.41913
1692.22	1921.72	3.41913
1691.92	1920.67	3.41913
1691.62	1919.63	3.41913
1691.32	1918.58	3.41913
1691.02	1917.54	3.41913
1690.73	1916.49	3.41913
1690.43	1915.44	3.41913
1690.13	1914.4	3.41913
1689.83	1913.35	3.41913
1689.53	1912.3	3.41913
1689.24	1911.26	3.41913
1688.94	1910.21	3.41913
1688.64	1909.16	3.41913
1688.34	1908.12	3.41913
1688.04	1907.07	3.41913
1687.74	1906.02	3.41913
1687.45	1904.98	3.41913
1687.15	1903.93	3.41913
1686.85	1902.88	3.41913
1686.55	1901.84	3.41913
1686.25	1900.79	3.41913
1685.96	1899.75	3.41913
1685.66	1898.7	3.41913
1685.36	1897.65	3.41913
1685.06	1896.61	3.41913
1684.76	1895.56	3.41913
1684.47	1894.51	3.41913
1684.17	1893.47	3.41913
1683.87	1892.42	3.41913
1683.57	1891.37	3.41913
1683.27	1890.33	3.41913
1682.97	1889.28	3.41913
1682.68	1888.23	3.41913
1682.38	1887.19	3.41913
1682.08	1886.14	3.41913
1681.78	1885.09	3.41913
1681.48	1884.05	3.41913
1681.19	1883	3.41913
1680.89	1881.96	3.41913
1680.59	1880.91	3.41913
1680.29	1879.86	3.41913
1679.99	1878.82	3.41913
1679.7	1877.77	3.41913
1679.4	1876.72	3.41913
1679.1	1875.68	3.41913
1678.8	1874.63	3.41913
1678.5	1873.58	3.41913
1678.2	1872.54	3.41913
1677.91	1871.49	3.41913
1677.61	1870.44	3.41913
1677.31	1869.4	3.41913
1677.01	1868.35	3.41913
1676.71	1867.3	3.41913
1676.42	1866.26	3.41913
1676.12	1865.21	3.41913
1675.82	1864.17	3.41913
1675.52	1863.12	3.41913
1675.22	1862.07	3.41913
1674.93	1861.03	3.41913
1674.63	1859.98	3.41913
1674.33	1858.93	3.41913
1674.03	1857.89	3.41913
1673.73	1856.84	3.41913
1673.43	1855.79	3.41913
1673.14	1854.75	3.41913
1672.84	1853.7	3.41913
1672.54	1852.65	3.41913
1672.24	1851.61	3.41913
1671.94	1850.56	3.41913
1671.65	1849.52	3.41913
1671.35	1848.47	3.41913
1671.05	1847.42	3.41913
1670.75	1846.38	3.41913
1670.45	1845.33	3.41913
1670.16	1844.28	3.41913
1669.86	1843.24	3.41913
1669.56	1842.19	3.41913
1669.26	1841.14	3.41913
1668.96	1840.1	3.41913
1668.66	1839.05	3.41913
1668.37	1838	3.41913
1668.07	1836.96	3.41913
1667.77	1835.91	3.41913
1667.47	1834.86	3.41913
1667.17	1833.82	3.41913
1666.88	1832.77	3.41913
1666.58	1831.73	3.41913
1666.28	1830.68	3.41913
1665.98	1829.63	3.41913
1665.68	1828.59	3.41913
1665.39	1827.54	3.41913
1665.09	1826.49	3.41913
1664.79	1825.45	3.41913
1664.49	1824.4	3.41913
1664.19	1823.35	3.41913
1663.89	1822.31	3.41913
1663.6	1821.26	3.41913
1663.3	1820.21	3.41913
1663	1819.17	3.41913
1662.7	1818.12	3.41913
1662.4	1817.07	3.41913
1662.11	1816.03	3.41913
1661.81	1814.98	3.41913
1661.51	1813.94	3.41913
1661.21	1812.89	3.41913
1660.91	1811.84	3.41913
1660.61	1810.8	3.41913
1660.32	1809.75	3.41913
1660.02	1808.7	3.41913
1659.72	1807.66	3.41913
1659.42	1806.61	3.41913
1659.12	1805.56	3.41913
1658.83	1804.52	3.41913
1658.53	1803.47	3.41913
1658.23	1802.42	3.41913
1657.93	1801.38	3.41913
1657.63	1800.33	3.41913
1657.34	1799.28	3.41913
1657.04	1798.24	3.41913
1656.74	1797.19	3.41913
1656.44	1796.15	3.41913
1656.14	1795.1	3.41913
1655.84	1794.05	3.41913
1655.55	1793.01	3.41913
1655.25	1791.96	3.41913
1654.95	1790.91	3.41913
1654.65	1789.87	3.41913
1654.35	1788.82	3.41913
1654.06	1787.77	3.41913
1653.76	1786.73	3.41913
1653.46	1785.68	3.41913
1653.16	1784.63	3.41913
1652.86	1783.59	3.41913
1652.57	1782.54	3.41913
1652.27	1781.49	3.41913
1651.97	1780.45	3.41913
1651.67	1779.4	3.41913
1651.37	1778.36	3.41913
1651.07	1777.31	3.41913
1650.78	1776.26	3.41913
1650.48	1775.22	3.41913
1650.18	1774.17	3.41913
1649.88	1773.12	3.41913
1649.58	1772.08	3.41913
1649.29	1771.03	3.41913
1648.99	1769.98	3.41913
1648.69	1768.94	3.41913
1648.39	1767.89	3.41913
1648.09	1766.84	3.41913
1647.8	1765.8	3.41913
1647.5	1764.75	3.41913
1647.2	1763.7	3.41913
1646.9	1762.66	3.41913
1646.6	1761.61	3.41913
1646.3	1760.57	3.41913
1646.01	1759.52	3.41913
1645.71	1758.47	3.41913
1645.41	1757.43	3.41913
1645.11	1756.38	3.41913
1644.81	1755.33	3.41913
1644.52	1754.29	3.41913
1644.22	1753.24	3.41913
1643.92	1752.19	3.41913
1643.62	1751.15	3.41913
1643.32	1750.1	3.41913
1643.03	1749.05	3.41913
1642.73	1748.01	3.41913
1642.43	1746.96	3.41913
1642.13	1745.92	3.41913
1641.83	1744.87	3.41913
1641.53	1743.82	3.41913
1641.24	1742.78	3.41913
1640.94	1741.73	3.41913
1640.64	1740.68	3.41913
1640.34	1739.64	3.41913
1640.04	1738.59	3.41913
1639.75	1737.54	3.41913
1639.45	1736.5	3.41913
1639.15	1735.45	3.41913
1638.85	1734.4	3.41913
1638.55	1733.36	3.41913
1638.26	1732.31	3.41913
1637.96	1731.26	3.41913
1637.66	1730.22	3.41913
1637.36	1729.17	3.41913
1637.06	1728.13	3.41913
1636.76	1727.08	3.41913
1636.47	1726.03	3.41913
1636.17	1724.99	3.41913
1635.87	1723.94	3.41913
1635.57	1722.89	3.41913
1635.27	1721.85	3.41913
1634.98	1720.8	3.41913
1634.68	1719.75	3.41913
1634.38	1718.71	3.41913
1634.08	1717.66	3.41913
1633.78	1716.61	3.41913
1633.49	1715.57	3.41913
1633.19	1714.52	3.41913
1632.89	1713.47	3.41913
1632.59	1712.43	3.41913
1632.29	1711.38	3.41913
1631.99	1710.34	3.41913
1631.7	1709.29	3.41913
1631.4	1708.24	3.41913
1631.1	1707.2	3.41913
1630.8	1706.15	3.41913
1630.5	1705.1	3.41913
1630.21	1704.06	3.41913
1629.91	1703.01	3.41913
1629.61	1701.96	3.41913
1629.31	1700.92	3.41913
1629.01	1699.87	3.41913
1628.71	1698.82	3.41913
1628.42	1697.78	3.41913
1628.12	1696.73	3.41913
1627.82	1695.68	3.41913
1627.52	1694.64	3.41913
1627.22	1693.59	3.41913
1626.93	1692.55	3.41913
1626.63	1691.5	3.41913
1626.33	1690.45	3.41913
1626.03	1689.41	3.41913
1625.73	1688.36	3.41913
1625.44	1687.31	3.41913
1625.14	1686.27	3.41913
1624.84	1685.22	3.41913
1624.54	1684.17	3.41913
1624.24	1683.13	3.41913
1623.94	1682.08	3.41913
1623.65	1681.03	3.41913
1623.35	1679.99	3.41913
1623.05	1678.94	3.41913
1622.75	1677.89	3.41913
1622.45	1676.85	3.41913
1622.16	1675.8	3.41913
1621.86	1674.76	3.41913
1621.56	1673.71	3.41913
1621.26	1672.66	3.41913
1620.96	1671.62	3.41913
1620.67	1670.57	3.41913
1620.37	1669.52	3.41913
1620.07	1668.48	3.41913
1619.77	1667.43	3.41913
1619.47	1666.38	3.41913
1619.17	1665.34	3.41913
1618.88	1664.29	3.41913
1618.58	1663.24	3.41913
1618.28	1662.2	3.41913
1617.98	1661.15	3.41913
1617.68	1660.11	3.41913
1617.39	1659.06	3.41913
1617.09	1658.01	3.41913
1616.79	1656.97	3.41913
1616.49	1655.92	3.41913
1616.19	1654.87	3.41913
1615.9	1653.83	3.41913
1615.6	1652.78	3.41913
1615.3	1651.73	3.41913
1615	1650.69	3.41913
1614.7	1649.64	3.41913
1614.4	1648.59	3.41913
1614.11	1647.55	3.41913
1613.81	1646.5	3.41913
1613.51	1645.45	3.41913
1613.21	1644.41	3.41913
1612.91	1643.36	3.41913
1612.62	1642.32	3.41913
1612.32	1641.27	3.41913
1612.02	1640.22	3.41913
1611.72	1639.18	3.41913
1611.42	1638.13	3.41913
1611.13	1637.08	3.41913
1610.83	1636.04	3.41913
1610.53	1634.99	3.41913
1610.23	1633.94	3.41913
1609.93	1632.9	3.41913
1609.63	1631.85	3.41913
1609.34	1630.8	3.41913
1609.04	1629.76	3.41913
1608.74	1628.71	3.41913
1608.44	1627.66	3.41913
1608.14	1626.62	3.41913
1607.85	1625.57	3.41913
1607.55	1624.53	3.41913
1607.25	1623.48	3.41913
1606.95	1622.43	3.41913
1606.65	1621.39	3.41913
1606.36	1620.34	3.41913
1606.06	1619.29	3.41913
1605.76	1618.25	3.41913
1605.46	1617.2	3.41913
1605.16	1616.15	3.41913
1604.86	1615.11	3.41913
1604.57	1614.06	3.41913
1604.27	1613.01	3.41913
1603.97	1611.97	3.41913
1603.67	1610.92	3.41913
1603.37	1609.87	3.41913
1603.08	1608.83	3.41913
1602.78	1607.78	3.41913
1602.48	1606.74	3.41913
1602.18	1605.69	3.41913
1601.88	1604.64	3.41913
1601.59	1603.6	3.41913
1601.29	1602.55	3.41913
1600.99	1601.5	3.41913
1600.69	1600.46	3.41913
1600.39	1599.41	3.41913
1600.09	1598.36	3.41913
1599.8	1597.32	3.41913
1599.5	1596.27	3.41913
1599.2	1595.22	3.41913
1598.9	1594.18	3.41913
1598.6	1593.13	3.41913
1598.31	1592.08	3.41913
1598.01	1591.04	3.41913
1597.71	1589.99	3.41913
1597.41	1588.95	3.41913
1597.11	1587.9	3.41913
1596.82	1586.85	3.41913
1596.52	1585.81	3.41913
1596.22	1584.76	3.41913
1595.92	1583.71	3.41913
1595.62	1582.67	3.41913
1595.32	1581.62	3.41913
1595.03	1580.57	3.41913
1594.73	1579.53	3.41913
1594.43	1578.48	3.41913
1594.13	1577.43	3.41913
1593.83	1576.39	3.41913
1593.54	1575.34	3.41913
1593.24	1574.29	3.41913
1592.94	1573.25	3.41913
1592.64	1572.2	3.41913
1592.34	1571.16	3.41913
1592.04	1570.11	3.41913
1591.75	1569.06	3.41913
1591.45	1568.02	3.41913
1591.15	1566.97	3.41913
1590.85	1565.92	3.41913
1590.55	1564.88	3.41913
1590.26	1563.83	3.41913
1589.96	1562.78	3.41913
1589.66	1561.74	3.41913
1589.36	1560.69	3.41913
1589.06	1559.64	3.41913
1588.77	1558.6	3.41913
1588.47	1557.55	3.41913
1588.17	1556.51	3.41913
1587.87	1555.46	3.41913
1587.57	1554.41	3.41913
1587.27	1553.37	3.41913
1586.98	1552.32	3.41913
1586.68	1551.27	3.41913
1586.38	1550.23	3.41913
1586.08	1549.18	3.41913
1585.78	1548.13	3.41913
1585.49	1547.09	3.41913
1585.19	1546.04	3.41913
1584.89	1544.99	3.41913
1584.59	1543.95	3.41913
1584.29	1542.9	3.41913
1584	1541.85	3.41913
1583.7	1540.81	3.41913
1583.4	1539.76	3.41913
1583.1	1538.72	3.41913
1582.8	1537.67	3.41913
1582.5	1536.62	3.41913
1582.21	1535.58	3.41913
1581.91	1534.53	3.41913
1581.61	1533.48	3.41913
1581.31	1532.44	3.41913
1581.01	1531.39	3.41913
1580.72	1530.34	3.41913
1580.42	1529.3	3.41913
1580.12	1528.25	3.41913
1579.82	1527.2	3.41913
1579.52	1526.16	3.41913
1579.23	1525.11	3.41913
1578.93	1524.06	3.41913
1578.63	1523.02	3.41913
1578.33	1521.97	3.41913
1578.03	1520.93	3.41913
1577.73	1519.88	3.41913
1577.44	1518.83	3.41913
1577.14	1517.79	3.41913
1576.84	1516.74	3.41913
1576.54	1515.69	3.41913
1576.24	1514.65	3.41913
1575.95	1513.6	3.41913
1575.65	1512.55	3.41913
1575.35	1511.51	3.41913
1575.05	1510.46	3.41913
1574.75	1509.41	3.41913
1574.46	1508.37	3.41913
1574.16	1507.32	3.41913
1573.86	1506.27	3.41913
1573.56	1505.23	3.41913
1573.26	1504.18	3.41913
1572.96	1503.14	3.41913
1572.67	1502.09	3.41913
1572.37	1501.04	3.41913
1572.07	1500	3.41913
1571.77	1498.95	3.41913
1571.47	1497.9	3.41913
1571.18	1496.86	3.41913
1570.88	1495.81	3.41913
1570.58	1494.76	3.41913
1570.28	1493.72	3.41913
1569.98	1492.67	3.41913
1569.69	1491.62	3.41913
1569.39	1490.58	3.41913
1569.09	1489.53	3.41913
1568.79	1488.48	3.41913
1568.49	1487.44	3.41913
1568.19	1486.39	3.41913
1567.9	1485.35	3.41913
1567.6	1484.3	3.41913
1567.3	1483.25	3.41913
1567	1482.21	3.41913
1566.7	1481.16	3.41913
1566.41	1480.11	3.41913
1566.11	1479.07	3.41913
1565.81	1478.02	3.41913
1565.51	1476.97	3.41913
1565.21	1475.93	3.41913
1564.92	1474.88	3.41913
1564.62	1473.83	3.41913
1564.32	1472.79	3.41913
1564.02	1471.74	3.41913
1563.72	1470.69	3.41913
1563.42	1469.65	3.41913
1563.13	1468.6	3.41913
1562.83	1467.56	3.41913
1562.53	1466.51	3.41913
1562.23	1465.46	3.41913
1561.93	1464.42	3.41913
1561.64	1463.37	3.41913
1561.34	1462.32	3.41913
1561.04	1461.28	3.41913
1560.74	1460.23	3.41913
1560.44	1459.18	3.41913
1560.15	1458.14	3.41913
1559.85	1457.09	3.41913
1559.55	1456.04	3.41913
1559.25	1455	3.41913
1558.95	1453.95	3.41913
1558.65	1452.91	3.41913
1558.36	1451.86	3.41913
1558.06	1450.81	3.41913
1557.76	1449.77	3.41913
1557.46	1448.72	3.41913
1557.16	1447.67	3.41913
1556.87	1446.63	3.41913
1556.57	1445.58	3.41913
1556.27	1444.53	3.41913
1555.97	1443.49	3.41913
1555.67	1442.44	3.41913
1555.37	1441.39	3.41913
1555.08	1440.35	3.41913
1554.78	1439.3	3.41913
1554.48	1438.25	3.41913
1554.18	1437.21	3.41913
1553.88	1436.16	3.41913
1553.59	1435.12	3.41913
1553.29	1434.07	3.41913
1552.99	1433.02	3.41913
1552.69	1431.98	3.41913
1552.39	1430.93	3.41913
1552.1	1429.88	3.41913
1551.8	1428.84	3.41913
1551.5	1427.79	3.41913
1551.2	1426.74	3.41913
1550.9	1425.7	3.41913
1550.6	1424.65	3.41913
1550.31	1423.6	3.41913
1550.01	1422.56	3.41913
1549.71	1421.51	3.41913
1549.41	1420.46	3.41913
1549.11	1419.42	3.41913
1548.82	1418.37	3.41913
1548.52	1417.33	3.41913
1548.22	1416.28	3.41913
1547.92	1415.23	3.41913
1547.62	1414.19	3.41913
1547.33	1413.14	3.41913
1547.03	1412.09	3.41913
1546.73	1411.05	3.41913
1546.43	1410	3.41913
1546.13	1408.95	3.41913
1545.83	1407.91	3.41913
1545.54	1406.86	3.41913
1545.24	1405.81	3.41913
1544.94	1404.77	3.41913
1544.64	1403.72	3.41913
1544.34	1402.67	3.41913
1544.05	1401.63	3.41913
1543.75	1400.58	3.41913
1543.45	1399.54	3.41913
1543.15	1398.49	3.41913
1542.85	1397.44	3.41913
1542.56	1396.4	3.41913
1542.26	1395.35	3.41913
1541.96	1394.3	3.41913
1541.66	1393.26	3.41913
1541.36	1392.21	3.41913
1541.06	1391.16	3.41913
1540.77	1390.12	3.41913
1540.47	1389.07	3.41913
1540.17	1388.02	3.41913
1539.87	1386.98	3.41913
1539.57	1385.93	3.41913
1539.28	1384.88	3.41913
1538.98	1383.84	3.41913
1538.68	1382.79	3.41913
1538.38	1381.75	3.41913
1538.08	1380.7	3.41913
1537.79	1379.65	3.41913
1537.49	1378.61	3.41913
1537.19	1377.56	3.41913
1536.89	1376.51	3.41913
1536.59	1375.47	3.41913
1536.29	1374.42	3.41913
1536	1373.37	3.41913
1535.7	1372.33	3.41913
1535.4	1371.28	3.41913
1535.1	1370.23	3.41913
1534.8	1369.19	3.41913
1534.51	1368.14	3.41913
1534.21	1367.09	3.41913
1533.91	1366.05	3.41913
1533.61	1365	3.41913
1533.31	1363.96	3.41913
1533.02	1362.91	3.41913
1532.72	1361.86	3.41913
1532.42	1360.82	3.41913
1532.12	1359.77	3.41913
1531.82	1358.72	3.41913
1531.52	1357.68	3.41913
1531.23	1356.63	3.41913
1530.93	1355.58	3.41913
1530.63	1354.54	3.41913
1530.33	1353.49	3.41913
1530.03	1352.44	3.41913
1529.74	1351.4	3.41913
1529.44	1350.35	3.41913
1529.14	1349.31	3.41913
1528.84	1348.26	3.41913
1528.54	1347.21	3.41913
1528.25	1346.17	3.41913
1527.95	1345.12	3.41913
1527.65	1344.07	3.41913
1527.35	1343.03	3.41913
1527.05	1341.98	3.41913
1526.75	1340.93	3.41913
1526.46	1339.89	3.41913
1526.16	1338.84	3.41913
1525.86	1337.79	3.41913
1525.56	1336.75	3.41913
1525.26	1335.7	3.41913
1524.97	1334.65	3.41913
1524.67	1333.61	3.41913
1524.37	1332.56	3.41913
1524.07	1331.52	3.41913
1523.77	1330.47	3.41913
1523.47	1329.42	3.41913
1523.18	1328.38	3.41913
1522.88	1327.33	3.41913
1522.58	1326.28	3.41913
1522.28	1325.24	3.41913
1521.98	1324.19	3.41913
1521.69	1323.14	3.41913
1521.39	1322.1	3.41913
1521.09	1321.05	3.41913
1520.79	1320	3.41913
1520.49	1318.96	3.41913
1520.2	1317.91	3.41913
1519.9	1316.86	3.41913
1519.6	1315.82	3.41913
1519.3	1314.77	3.41913
1519	1313.73	3.41913
1518.7	1312.68	3.41913
1518.41	1311.63	3.41913
1518.11	1310.59	3.41913
1517.81	1309.54	3.41913
1517.51	1308.49	3.41913
1517.21	1307.45	3.41913
1516.92	1306.4	3.41913
1516.62	1305.35	3.41913
1516.32	1304.31	3.41913
1516.02	1303.26	3.41913
1515.72	1302.21	3.41913
1515.43	1301.17	3.41913
1515.13	1300.12	3.41913
1514.83	1299.07	3.41913
1514.53	1298.03	3.41913
1514.23	1296.98	3.41913
1513.93	1295.94	3.41913
1513.64	1294.89	3.41913
1513.34	1293.84	3.41913
1513.04	1292.8	3.41913
1512.74	1291.75	3.41913
1512.44	1290.7	3.41913
1512.15	1289.66	3.41913
1511.85	1288.61	3.41913
1511.55	1287.56	3.41913
1511.25	1286.52	3.41913
1510.95	1285.47	3.41913
1510.66	1284.42	3.41913
1510.36	1283.38	3.41913
1510.06	1282.33	3.41913
1509.76	1281.28	3.41913
1509.46	1280.24	3.41913
1509.16	1279.19	3.41913
1508.87	1278.15	3.41913
1508.57	1277.1	3.41913
1508.27	1276.05	3.41913
1507.97	1275.01	3.41913
1507.67	1273.96	3.41913
1507.38	1272.91	3.41913
1507.08	1271.87	3.41913
1506.78	1270.82	3.41913
1506.48	1269.77	3.41913
1506.18	1268.73	3.41913
1505.89	1267.68	3.41913
1505.59	1266.63	3.41913
1505.29	1265.59	3.41913
1504.99	1264.54	3.41913
1504.69	1263.49	3.41913
1504.39	1262.45	3.41913
1504.1	1261.4	3.41913
1503.8	1260.36	3.41913
1503.5	1259.31	3.41913
1503.2	1258.26	3.41913
1502.9	1257.22	3.41913
1502.61	1256.17	3.41913
1502.31	1255.12	3.41913
1502.01	1254.08	3.41913
1501.71	1253.03	3.41913
1501.41	1251.98	3.41913
1501.12	1250.94	3.41913
1500.82	1249.89	3.41913
1500.52	1248.84	3.41913
1500.22	1247.8	3.41913
1499.92	1246.75	3.41913
1499.62	1245.71	3.41913
1499.33	1244.66	3.41913
1499.03	1243.61	3.41913
1498.73	1242.57	3.41913
1498.43	1241.52	3.41913
1498.13	1240.47	3.41913
1497.84	1239.43	3.41913
1497.54	1238.38	3.41913
1497.24	1237.33	3.41913
1496.94	1236.29	3.41913
1496.64	1235.24	3.41913
1496.35	1234.19	3.41913
1496.05	1233.15	3.41913
1495.75	1232.1	3.41913
1495.45	1231.05	3.41913
1495.15	1230.01	3.41913
1494.85	1228.96	3.41913
1494.56	1227.92	3.41913
1494.26	1226.87	3.41913
1493.96	1225.82	3.41913
1493.66	1224.78	3.41913
1493.36	1223.73	3.41913
1493.07	1222.68	3.41913
1492.77	1221.64	3.41913
1492.47	1220.59	3.41913
1492.17	1219.54	3.41913
1491.87	1218.5	3.41913
1491.58	1217.45	3.41913
1491.28	1216.4	3.41913
1490.98	1215.36	3.41913
1490.68	1214.31	3.41913
1490.38	1213.26	3.41913
1490.08	1212.22	3.41913
1489.79	1211.17	3.41913
1489.49	1210.13	3.41913
1489.19	1209.08	3.41913
1488.89	1208.03	3.41913
1488.59	1206.99	3.41913
1488.3	1205.94	3.41913
1488	1204.89	3.41913
1487.7	1203.85	3.41913
1487.4	1202.8	3.41913
1487.1	1201.75	3.41913
1486.8	1200.71	3.41913
1486.51	1199.66	3.41913
1486.21	1198.61	3.41913
1485.91	1197.57	3.41913
1485.61	1196.52	3.41913
1485.31	1195.47	3.41913
1485.02	1194.43	3.41913
1484.72	1193.38	3.41913
1484.42	1192.34	3.41913
1484.12	1191.29	3.41913
1483.82	1190.24	3.41913
1483.53	1189.2	3.41913
1483.23	1188.15	3.41913
1482.93	1187.1	3.41913
1482.63	1186.06	3.41913
1482.33	1185.01	3.41913
1482.03	1183.96	3.41913
1481.74	1182.92	3.41913
1481.44	1181.87	3.41913
1481.14	1180.82	3.41913
1480.84	1179.78	3.41913
1480.54	1178.73	3.41913
1480.25	1177.68	3.41913
1479.95	1176.64	3.41913
1479.65	1175.59	3.41913
1479.35	1174.55	3.41913
1479.05	1173.5	3.41913
1478.76	1172.45	3.41913
1478.46	1171.41	3.41913
1478.16	1170.36	3.41913
1477.86	1169.31	3.41913
1477.56	1168.27	3.41913
1477.26	1167.22	3.41913
1476.97	1166.17	3.41913
1476.67	1165.13	3.41913
1476.37	1164.08	3.41913
1476.07	1163.03	3.41913
1475.77	1161.99	3.41913
1475.48	1160.94	3.41913
1475.18	1159.89	3.41913
1474.88	1158.85	3.41913
1474.58	1157.8	3.41913
1474.28	1156.76	3.41913
1473.99	1155.71	3.41913
1473.69	1154.66	3.41913
1473.39	1153.62	3.41913
1473.09	1152.57	3.41913
1472.79	1151.52	3.41913
1472.49	1150.48	3.41913
1472.2	1149.43	3.41913
1471.9	1148.38	3.41913
1471.6	1147.34	3.41913
1471.3	1146.29	3.41913
1471	1145.24	3.41913
1470.71	1144.2	3.41913
1470.41	1143.15	3.41913
1470.11	1142.11	3.41913
1469.81	1141.06	3.41913
1469.51	1140.01	3.41913
1469.22	1138.97	3.41913
1468.92	1137.92	3.41913
1468.62	1136.87	3.41913
1468.32	1135.83	3.41913
1468.02	1134.78	3.41913
1467.72	1133.73	3.41913
1467.43	1132.69	3.41913
1467.13	1131.64	3.41913
1466.83	1130.59	3.41913
1466.53	1129.55	3.41913
1466.23	1128.5	3.41913
1465.94	1127.45	3.41913
1465.64	1126.41	3.41913
1465.34	1125.36	3.41913
1465.04	1124.32	3.41913
1464.74	1123.27	3.41913
1464.45	1122.22	3.41913
1464.15	1121.18	3.41913
1463.85	1120.13	3.41913
1463.55	1119.08	3.41913
1463.25	1118.04	3.41913
1462.95	1116.99	3.41913
1462.66	1115.94	3.41913
1462.36	1114.9	3.41913
1462.06	1113.85	3.41913
1461.76	1112.8	3.41913
1461.46	1111.76	3.41913
1461.17	1110.71	3.41913
1460.87	1109.66	3.41913
1460.57	1108.62	3.41913
1460.27	1107.57	3.41913
1459.97	1106.53	3.41913
1459.68	1105.48	3.41913
1459.38	1104.43	3.41913
1459.08	1103.39	3.41913
1458.78	1102.34	3.41913
1458.48	1101.29	3.41913
1458.18	1100.25	3.41913
1457.89	1099.2	3.41913
1457.59	1098.15	3.41913
1457.29	1097.11	3.41913
1456.99	1096.06	3.41913
1456.69	1095.01	3.41913
1456.4	1093.97	3.41913
1456.1	1092.92	3.41913
1455.8	1091.87	3.41913
1455.5	1090.83	3.41913
1455.2	1089.78	3.41913
1454.91	1088.74	3.41913
1454.61	1087.69	3.41913
1454.31	1086.64	3.41913
1454.01	1085.6	3.41913
1453.71	1084.55	3.41913
1453.41	1083.5	3.41913
1453.12	1082.46	3.41913
1452.82	1081.41	3.41913
1452.52	1080.36	3.41913
1452.22	1079.32	3.41913
1451.92	1078.27	3.41913
1451.63	1077.22	3.41913
1451.33	1076.18	3.41913
1451.03	1075.13	3.41913
1450.73	1074.08	3.41913
1450.43	1073.04	3.41913
1450.13	1071.99	3.41913
1449.84	1070.95	3.41913
1449.54	1069.9	3.41913
1449.24	1068.85	3.41913
1448.94	1067.81	3.41913
1448.64	1066.76	3.41913
1448.35	1065.71	3.41913
1448.05	1064.67	3.41913
1447.75	1063.62	3.41913
1447.45	1062.57	3.41913
1447.15	1061.53	3.41913
1446.86	1060.48	3.41913
1446.56	1059.43	3.41913
1446.26	1058.39	3.41913
1445.96	1057.34	3.41913
1445.66	1056.29	3.41913
1445.36	1055.25	3.41913
1445.07	1054.2	3.41913
1444.77	1053.16	3.41913
1444.47	1052.11	3.41913
1444.17	1051.06	3.41913
1443.87	1050.02	3.41913
1443.58	1048.97	3.41913
1443.28	1047.92	3.41913
1442.98	1046.88	3.41913
1442.68	1045.83	3.41913
1442.38	1044.78	3.41913
1442.09	1043.74	3.41913
1441.79	1042.69	3.41913
1441.49	1041.64	3.41913
1441.19	1040.6	3.41913
1440.89	1039.55	3.41913
1440.59	1038.51	3.41913
1440.3	1037.46	3.41913
1440	1036.41	3.41913
1439.7	1035.37	3.41913
1439.4	1034.32	3.41913
1439.1	1033.27	3.41913
1438.81	1032.23	3.41913
1438.51	1031.18	3.41913
1438.21	1030.13	3.41913
1437.91	1029.09	3.41913
1437.61	1028.04	3.41913
1437.32	1026.99	3.41913
1437.02	1025.95	3.41913
1436.72	1024.9	3.41913
1436.42	1023.85	3.41913
1436.12	1022.81	3.41913
1435.82	1021.76	3.41913
1435.53	1020.72	3.41913
1435.23	1019.67	3.41913
1434.93	1018.62	3.41913
1434.63	1017.58	3.41913
1434.33	1016.53	3.41913
1434.04	1015.48	3.41913
1433.74	1014.44	3.41913
1433.44	1013.39	3.41913
1433.14	1012.34	3.41913
1432.84	1011.3	3.41913
1432.55	1010.25	3.41913
1432.25	1009.2	3.41913
1431.95	1008.16	3.41913
1431.65	1007.11	3.41913
1431.35	1006.06	3.41913
1431.05	1005.02	3.41913
1430.76	1003.97	3.41913
1430.46	1002.93	3.41913
1430.16	1001.88	3.41913
1429.86	1000.83	3.41913
1429.56	999.786	3.41913
1429.27	998.739	3.41913
1428.97	997.693	3.41913
1428.67	996.646	3.41913
1428.37	995.6	3.41913
1428.07	994.554	3.41913
1427.78	993.507	3.41913
1427.48	992.461	3.41913
1427.18	991.414	3.41913
1426.88	990.368	3.41913
1426.58	989.321	3.41913
1426.28	988.275	3.41913
1425.99	987.228	3.41913
1425.69	986.182	3.41913
1425.39	985.135	3.41913
1425.09	984.089	3.41913
1424.79	983.042	3.41913
1424.5	981.996	3.41913
1424.2	980.95	3.41913
1423.9	979.903	3.41913
1423.6	978.857	3.41913
1423.3	977.81	3.41913
1423.01	976.764	3.41913
1422.71	975.717	3.41913
1422.41	974.671	3.41913
1422.11	973.624	3.41913
1421.81	972.578	3.41913
1421.51	971.531	3.41913
1421.22	970.485	3.41913
1420.92	969.438	3.41913
1420.62	968.392	3.41913
1420.32	967.345	3.41913
1420.02	966.299	3.41913
1419.73	965.253	3.41913
1419.43	964.206	3.41913
1419.13	963.16	3.41913
1418.83	962.113	3.41913
1418.53	961.067	3.41913
1418.23	960.02	3.41913
1417.94	958.974	3.41913
1417.64	957.927	3.41913
1417.34	956.881	3.41913
1417.04	955.834	3.41913
1416.74	954.788	3.41913
1416.45	953.741	3.41913
1416.15	952.695	3.41913
1415.85	951.649	3.41913
1415.55	950.602	3.41913
1415.25	949.556	3.41913
1414.96	948.509	3.41913
1414.66	947.463	3.41913
1414.36	946.416	3.41913
1414.06	945.37	3.41913
1413.76	944.323	3.41913
1413.46	943.277	3.41913
1413.17	942.23	3.41913
1412.87	941.184	3.41913
1412.57	940.137	3.41913
1412.27	939.091	3.41913
1411.97	938.044	3.41913
1411.68	936.998	3.41913
1411.38	935.952	3.41913
1411.08	934.905	3.41913
1410.78	933.859	3.41913
1410.48	932.812	3.41913
1410.19	931.766	3.41913
1409.89	930.719	3.41913
1409.59	929.673	3.41913
1409.29	928.626	3.41913
1408.99	927.58	3.41913
1408.69	926.533	3.41913
1408.4	925.487	3.41913
1408.1	924.44	3.41913
1407.8	923.394	3.41913
1407.5	922.348	3.41913
1407.2	921.301	3.41913
1406.91	920.255	3.41913
1406.61	919.208	3.41913
1406.31	918.162	3.41913
1406.01	917.115	3.41913
1405.71	916.069	3.41913
1405.42	915.022	3.41913
1405.12	913.976	3.41913
1404.82	912.929	3.41913
1404.52	911.883	3.41913
1404.22	910.836	3.41913
1403.92	909.79	3.41913
1403.63	908.743	3.41913
1403.33	907.697	3.41913
1403.03	906.651	3.41913
1402.73	905.604	3.41913
1402.43	904.558	3.41913
1402.14	903.511	3.41913
1401.84	902.465	3.41913
1401.54	901.418	3.41913
1401.24	900.372	3.41913
1400.94	899.325	3.41913
1400.65	898.279	3.41913
1400.35	897.232	3.41913
1400.05	896.186	3.41913
1399.75	895.139	3.41913
1399.45	894.093	3.41913
1399.15	893.047	3.41913
1398.86	892	3.41913
1398.56	890.954	3.41913
1398.26	889.907	3.41913
1397.96	888.861	3.41913
1397.66	887.814	3.41913
1397.37	886.768	3.41913
1397.07	885.721	3.41913
1396.77	884.675	3.41913
1396.47	883.628	3.41913
1396.17	882.582	3.41913
1395.88	881.535	3.41913
1395.58	880.489	3.41913
1395.28	879.442	3.41913
1394.98	878.396	3.41913
1394.68	877.35	3.41913
1394.38	876.303	3.41913
1394.09	875.257	3.41913
1393.79	874.21	3.41913
1393.49	873.164	3.41913
1393.19	872.117	3.41913
1392.89	871.071	3.41913
1392.6	870.024	3.41913
1392.3	868.978	3.41913
1392	867.931	3.41913
1391.7	866.885	3.41913
1391.4	865.838	3.41913
1391.11	864.792	3.41913
1390.81	863.745	3.41913
1390.51	862.699	3.41913
1390.21	861.653	3.41913
1389.91	860.606	3.41913
1389.61	859.56	3.41913
1389.32	858.513	3.41913
1389.02	857.467	3.41913
1388.72	856.42	3.41913
1388.42	855.374	3.41913
1388.12	854.327	3.41913
1387.83	853.281	3.41913
1387.53	852.234	3.41913
1387.23	851.188	3.41913
1386.93	850.141	3.41913
1386.63	849.095	3.41913
1386.34	848.049	3.41913
1386.04	847.002	3.41913
1385.74	845.956	3.41913
1385.44	844.909	3.41913
1385.14	843.863	3.41913
1384.84	842.816	3.41913
1384.55	841.77	3.41913
1384.25	840.723	3.41913
1383.95	839.677	3.41913
1383.65	838.63	3.41913
1383.35	837.584	3.41913
1383.06	836.537	3.41913
1382.76	835.491	3.41913
1382.46	834.444	3.41913
1382.16	833.398	3.41913
1381.86	832.352	3.41913
1381.56	831.305	3.41913
1381.27	830.259	3.41913
1380.97	829.212	3.41913
1380.67	828.166	3.41913
1380.37	827.119	3.41913
1380.07	826.073	3.41913
1379.78	825.026	3.41913
1379.48	823.98	3.41913
1379.18	822.933	3.41913
1378.88	821.887	3.41913
1378.58	820.84	3.41913
1378.29	819.794	3.41913
1377.99	818.748	3.41913
1377.69	817.701	3.41913
1377.39	816.655	3.41913
1377.09	815.608	3.41913
1376.79	814.562	3.41913
1376.5	813.515	3.41913
1376.2	812.469	3.41913
1375.9	811.422	3.41913
1375.6	810.376	3.41913
1375.3	809.329	3.41913
1375.01	808.283	3.41913
1374.71	807.236	3.41913
1374.41	806.19	3.41913
1374.11	805.143	3.41913
1373.81	804.097	3.41913
1373.52	803.051	3.41913
1373.22	802.004	3.41913
1372.92	800.958	3.41913
1372.62	799.911	3.41913
1372.32	798.865	3.41913
1372.02	797.818	3.41913
1371.73	796.772	3.41913
1371.43	795.725	3.41913
1371.13	794.679	3.41913
1370.83	793.632	3.41913
1370.53	792.586	3.41913
1370.24	791.539	3.41913
1369.94	790.493	3.41913
1369.64	789.447	3.41913
1369.34	788.4	3.41913
1369.04	787.354	3.41913
1368.75	786.307	3.41913
1368.45	785.261	3.41913
1368.15	784.214	3.41913
1367.85	783.168	3.41913
1367.55	782.121	3.41913
1367.25	781.075	3.41913
1366.96	780.028	3.41913
1366.66	778.982	3.41913
1366.36	777.935	3.41913
1366.06	776.889	3.41913
1365.76	775.842	3.41913
1365.47	774.796	3.41913
1365.17	773.75	3.41913
1364.87	772.703	3.41913
1364.57	771.657	3.41913
1364.27	770.61	3.41913
1363.98	769.564	3.41913
1363.68	768.517	3.41913
1363.38	767.471	3.41913
1363.08	766.424	3.41913
1362.78	765.378	3.41913
1362.48	764.331	3.41913
1362.19	763.285	3.41913
1361.89	762.238	3.41913
1361.59	761.192	3.41913
1361.29	760.146	3.41913
1360.99	759.099	3.41913
1360.7	758.053	3.41913
1360.4	757.006	3.41913
1360.1	755.96	3.41913
1359.8	754.913	3.41913
1359.5	753.867	3.41913
1359.21	752.82	3.41913
1358.91	751.774	3.41913
1358.61	750.727	3.41913
1358.31	749.681	3.41913
1358.01	748.634	3.41913
1357.71	747.588	3.41913
1357.42	746.541	3.41913
1357.12	745.495	3.41913
1356.82	744.449	3.41913
1356.52	743.402	3.41913
1356.22	742.356	3.41913
1355.93	741.309	3.41913
1355.63	740.263	3.41913
1355.33	739.216	3.41913
1355.03	738.17	3.41913
1354.73	737.123	3.41913
1354.44	736.077	3.41913
1354.14	735.03	3.41913
1353.84	733.984	3.41913
1353.54	732.937	3.41913
1353.24	731.891	3.41913
1352.94	730.845	3.41913
1352.65	729.798	3.41913
1352.35	728.752	3.41913
1352.05	727.705	3.41913
1351.75	726.659	3.41913
1351.45	725.612	3.41913
1351.16	724.566	3.41913
1350.86	723.519	3.41913
1350.56	722.473	3.41913
1350.26	721.426	3.41913
1349.96	720.38	3.41913
1349.67	719.333	3.41913
1349.37	718.287	3.41913
1349.07	717.24	3.41913
1348.77	716.194	3.41913
1348.47	715.148	3.41913
1348.17	714.101	3.41913
1347.88	713.055	3.41913
1347.58	712.008	3.41913
1347.28	710.962	3.41913
1346.98	709.915	3.41913
1346.68	708.869	3.41913
1346.39	707.822	3.41913
1346.09	706.776	3.41913
1345.79	705.729	3.41913
1345.49	704.683	3.41913
1345.19	703.636	3.41913
1344.89	702.59	3.41913
1344.6	701.543	3.41913
1344.3	700.497	3.41913
1344	699.451	3.41913
1343.7	698.404	3.41913
1343.4	697.358	3.41913
1343.11	696.311	3.41913
1342.81	695.265	3.41913
1342.51	694.218	3.41913
1342.21	693.172	3.41913
1341.91	692.125	3.41913
1341.62	691.079	3.41913
1341.32	690.032	3.41913
1341.02	688.986	3.41913
1340.72	687.939	3.41913
1340.42	686.893	3.41913
1340.12	685.847	3.41913
1339.83	684.8	3.41913
1339.53	683.754	3.41913
1339.23	682.707	3.41913
1338.93	681.661	3.41913
1338.63	680.614	3.41913
1338.34	679.568	3.41913
1338.04	678.521	3.41913
1337.74	677.475	3.41913
1337.44	676.428	3.41913
1337.14	675.382	3.41913
1336.85	674.335	3.41913
1336.55	673.289	3.41913
1336.25	672.242	3.41913
1335.95	671.196	3.41913
1335.65	670.15	3.41913
1335.35	669.103	3.41913
1335.06	668.057	3.41913
1334.76	667.01	3.41913
1334.46	665.964	3.41913
1334.16	664.917	3.41913
1333.86	663.871	3.41913
1333.57	662.824	3.41913
1333.27	661.778	3.41913
1332.97	660.731	3.41913
1332.67	659.685	3.41913
1332.37	658.638	3.41913
1332.08	657.592	3.41913
1331.78	656.546	3.41913
1331.48	655.499	3.41913
1331.18	654.453	3.41913
1330.88	653.406	3.41913
1330.58	652.36	3.41913
1330.29	651.313	3.41913
1329.99	650.267	3.41913
1329.69	649.22	3.41913
1329.39	648.174	3.41913
1329.09	647.127	3.41913
1328.8	646.081	3.41913
1328.5	645.034	3.41913
1328.2	643.988	3.41913
1327.9	642.941	3.41913
1327.6	641.895	3.41913
1327.31	640.849	3.41913
1327.01	639.802	3.41913
1326.71	638.756	3.41913
1326.41	637.709	3.41913
1326.11	636.663	3.41913
1325.81	635.616	3.41913
1325.52	634.57	3.41913
1325.22	633.523	3.41913
1324.92	632.477	3.41913
1324.62	631.43	3.41913
1324.32	630.384	3.41913
1324.03	629.337	3.41913
1323.73	628.291	3.41913
1323.43	627.245	3.41913
1323.13	626.198	3.41913
1322.83	625.152	3.41913
1322.54	624.105	3.41913
1322.24	623.059	3.41913
1321.94	622.012	3.41913
1321.64	620.966	3.41913
1321.34	619.919	3.41913
1321.04	618.873	3.41913
1320.75	617.826	3.41913
1320.45	616.78	3.41913
1320.15	615.733	3.41913
1319.85	614.687	3.41913
1319.55	613.64	3.41913
1319.26	612.594	3.41913
1318.96	611.548	3.41913
1318.66	610.501	3.41913
1318.36	609.455	3.41913
1318.06	608.408	3.41913
1317.77	607.362	3.41913
1317.47	606.315	3.41913
1317.17	605.269	3.41913
1316.87	604.222	3.41913
1316.57	603.176	3.41913
1316.27	602.129	3.41913
1315.98	601.083	3.41913
1315.68	600.036	3.41913
1315.38	598.99	3.41913
1315.08	597.944	3.41913
1314.78	596.897	3.41913
1314.49	595.851	3.41913
1314.19	594.804	3.41913
1313.89	593.758	3.41913
1313.59	592.711	3.41913
1313.29	591.665	3.41913
1313	590.618	3.41913
1312.7	589.572	3.41913
1312.4	588.525	3.41913
1312.1	587.479	3.41913
1311.8	586.432	3.41913
1311.5	585.386	3.41913
1311.21	584.339	3.41913
1310.91	583.293	3.41913
1310.61	582.247	3.41913
1310.31	581.2	3.41913
1310.01	580.154	3.41913
1309.72	579.107	3.41913
1309.42	578.061	3.41913
1309.12	577.014	3.41913
1308.82	575.968	3.41913
1308.52	574.921	3.41913
1308.22	573.875	3.41913
1307.93	572.828	3.41913
1307.63	571.782	3.41913
1307.33	570.735	3.41913
1307.03	569.689	3.41913
1306.73	568.643	3.41913
1306.44	567.596	3.41913
1306.14	566.55	3.41913
1305.84	565.503	3.41913
1305.54	564.457	3.41913
1305.24	563.41	3.41913
1304.95	562.364	3.41913
1304.65	561.317	3.41913
1304.35	560.271	3.41913
1304.05	559.224	3.41913
1303.75	558.178	3.41913
1303.45	557.131	3.41913
1303.16	556.085	3.41913
1302.86	555.038	3.41913
1302.56	553.992	3.41913
1302.26	552.946	3.41913
1301.96	551.899	3.41913
1301.67	550.853	3.41913
1301.37	549.806	3.41913
1301.07	548.76	3.41913
1300.77	547.713	3.41913
1300.47	546.667	3.41913
1300.18	545.62	3.41913
1299.88	544.574	3.41913
1299.58	543.527	3.41913
1299.28	542.481	3.41913
1298.98	541.434	3.41913
1298.68	540.388	3.41913
1298.39	539.341	3.41913
1298.09	538.295	3.41913
1297.79	537.249	3.41913
1297.49	536.202	3.41913
1297.19	535.156	3.41913
1296.9	534.109	3.41913
1296.6	533.063	3.41913
1296.3	532.016	3.41913
1296	530.97	3.41913
1295.7	529.923	3.41913
1295.41	528.877	3.41913
1295.11	527.83	3.41913
1294.81	526.784	3.41913
1294.51	525.737	3.41913
1294.21	524.691	3.41913
1293.91	523.645	3.41913
1293.62	522.598	3.41913
1293.32	521.552	3.41913
1293.02	520.505	3.41913
1292.72	519.459	3.41913
1292.42	518.412	3.41913
1292.13	517.366	3.41913
1291.83	516.319	3.41913
1291.53	515.273	3.41913
1291.23	514.226	3.41913
1290.93	513.18	3.41913
1290.64	512.133	3.41913
1290.34	511.087	3.41913
1290.04	510.04	3.41913
1289.74	508.994	3.41913
1289.44	507.948	3.41913
1289.14	506.901	3.41913
1288.85	505.855	3.41913
1288.55	504.808	3.41913
1288.25	503.762	3.41913
1287.95	502.715	3.41913
1287.65	501.669	3.41913
1287.36	500.622	3.41913
1287.06	499.576	3.41913
1286.76	498.529	3.41913
1286.46	497.483	3.41913
1286.16	496.436	3.41913
1285.87	495.39	3.41913
1285.57	494.344	3.41913
1285.27	493.297	3.41913
1284.97	492.251	3.41913
1284.67	491.204	3.41913
1284.37	490.158	3.41913
1284.08	489.111	3.41913
1283.78	488.065	3.41913
1283.48	487.018	3.41913
1283.18	485.972	3.41913
1282.88	484.925	3.41913
1282.59	483.879	3.41913
1282.29	482.832	3.41913
1281.99	481.786	3.41913
1281.69	480.739	3.41913
1281.39	479.693	3.41913
1281.1	478.647	3.41913
1280.8	477.6	3.41913
1280.5	476.554	3.41913
1280.2	475.507	3.41913
1279.9	474.461	3.41913
1279.6	473.414	3.41913
1279.31	472.368	3.41913
1279.01	471.321	3.41913
1278.71	470.275	3.41913
1278.41	469.228	3.41913
1278.11	468.182	3.41913
1277.82	467.135	3.41913
1277.52	466.089	3.41913
1277.22	465.043	3.41913
1276.92	463.996	3.41913
1276.62	462.95	3.41913
1276.32	461.903	3.41913
1276.03	460.857	3.41913
1275.73	459.81	3.41913
1275.43	458.764	3.41913
1275.13	457.717	3.41913
1274.83	456.671	3.41913
1274.54	455.624	3.41913
1274.24	454.578	3.41913
1273.94	453.531	3.41913
1273.64	452.485	3.41913
1273.34	451.438	3.41913
1273.05	450.392	3.41913
1272.75	449.346	3.41913
1272.45	448.299	3.41913
1272.15	447.253	3.41913
1271.85	446.206	3.41913
1271.55	445.16	3.41913
1271.26	444.113	3.41913
1270.96	443.067	3.41913
1270.66	442.02	3.41913
1270.36	440.974	3.41913
1270.06	439.927	3.41913
1269.77	438.881	3.41913
1269.47	437.834	3.41913
1269.17	436.788	3.41913
1268.87	435.742	3.41913
1268.57	434.695	3.41913
1268.28	433.649	3.41913
1267.98	432.602	3.41913
1267.68	431.556	3.41913
1267.38	430.509	3.41913
1267.08	429.463	3.41913
1266.78	428.416	3.41913
1266.49	427.37	3.41913
1266.19	426.323	3.41913
1265.89	425.277	3.41913
1265.59	424.23	3.41913
1265.29	423.184	3.41913
1265	422.137	3.41913
1264.7	421.091	3.41913
1264.4	420.045	3.41913
1264.1	418.998	3.41913
1263.8	417.952	3.41913
1263.51	416.905	3.41913
1263.21	415.859	3.41913
1262.91	414.812	3.41913
1262.61	413.766	3.41913
1262.31	412.719	3.41913
1262.01	411.673	3.41913
1261.72	410.626	3.41913
1261.42	409.58	3.41913
1261.12	408.533	3.41913
1260.82	407.487	3.41913
1260.52	406.441	3.41913
1260.23	405.394	3.41913
1259.93	404.348	3.41913
1259.63	403.301	3.41913
1259.33	402.255	3.41913
1259.03	401.208	3.41913
1258.74	400.162	3.41913
1258.44	399.115	3.41913
1258.14	398.069	3.41913
1257.84	397.022	3.41913
1257.54	395.976	3.41913
1257.24	394.929	3.41913
1256.95	393.883	3.41913
1256.65	392.836	3.41913
1256.35	391.79	3.41913
1256.05	390.744	3.41913
1255.75	389.697	3.41913
1255.46	388.651	3.41913
1255.16	387.604	3.41913
1254.86	386.558	3.41913
1254.56	385.511	3.41913
1254.26	384.465	3.41913
1253.97	383.418	3.41913
1253.67	382.372	3.41913
1253.37	381.325	3.41913
1253.07	380.279	3.41913
1252.77	379.232	3.41913
1252.47	378.186	3.41913
1252.18	377.139	3.41913
1251.88	376.093	3.41913
1251.58	375.047	3.41913
1251.28	374	3.41913
1250.98	372.954	3.41913
1250.69	371.907	3.41913
1250.39	370.861	3.41913
1250.09	369.814	3.41913
1249.79	368.768	3.41913
1249.49	367.721	3.41913
1249.2	366.675	3.41913
1248.9	365.628	3.41913
1248.6	364.582	3.41913
1248.3	363.535	3.41913
1248	362.489	3.41913
1247.7	361.443	3.41913
1247.41	360.396	3.41913
1247.11	359.35	3.41913
1246.81	358.303	3.41913
1246.51	357.257	3.41913
1246.21	356.21	3.41913
1245.92	355.164	3.41913
1245.62	354.117	3.41913
1245.32	353.071	3.41913
1245.02	352.024	3.41913
1244.72	350.978	3.41913
1244.43	349.931	3.41913
1244.13	348.885	3.41913
1243.83	347.838	3.41913
1243.53	346.792	3.41913
1243.23	345.746	3.41913
1242.93	344.699	3.41913
1242.64	343.653	3.41913
1242.34	342.606	3.41913
1242.04	341.56	3.41913
1241.74	340.513	3.41913
1241.44	339.467	3.41913
1241.15	338.42	3.41913
1240.85	337.374	3.41913
1240.55	336.327	3.41913
1240.25	335.281	3.41913
1239.95	334.234	3.41913
1239.65	333.188	3.41913
1239.36	332.142	3.41913
1239.06	331.095	3.41913
1238.76	330.049	3.41913
1238.46	329.002	3.41913
1238.16	327.956	3.41913
1237.87	326.909	3.41913
1237.57	325.863	3.41913
1237.27	324.816	3.41913
1236.97	323.77	3.41913
1236.67	322.723	3.41913
1236.38	321.677	3.41913
1236.08	320.63	3.41913
1235.78	319.584	3.41913
1235.48	318.537	3.41913
1235.18	317.491	3.41913
1234.88	316.445	3.41913
1234.59	315.398	3.41913
1234.29	314.352	3.41913
1233.99	313.305	3.41913
1233.69	312.259	3.41913
1233.39	311.212	3.41913
1233.1	310.166	3.41913
1232.8	309.119	3.41913
1232.5	308.073	3.41913
1232.2	307.026	3.41913
1231.9	305.98	3.41913
1231.61	304.933	3.41913
1231.31	303.887	3.41913
1231.01	302.841	3.41913
1230.71	301.794	3.41913
1230.41	300.748	3.41913
1230.11	299.701	3.41913
1229.82	298.655	3.41913
1229.52	297.608	3.41913
1229.22	296.562	3.41913
1228.92	295.515	3.41913
1228.62	294.469	3.41913
1228.33	293.422	3.41913
1228.03	292.376	3.41913
1227.73	291.329	3.41913
1227.44	290.296	3.41913
1227.14	289.276	3.41913
1226.86	288.268	3.41913
1226.57	287.274	3.41913
1226.29	286.293	3.41913
1226.02	285.325	3.41913
1225.75	284.37	3.41913
1225.48	283.429	3.41913
1225.21	282.5	3.41913
1224.95	281.584	3.41913
1224.7	280.682	3.41913
1224.44	279.792	3.41913
1224.19	278.916	3.41913
1223.95	278.052	3.41913
1223.7	277.202	3.41913
1223.47	276.365	3.41913
1223.23	275.541	3.41913
1223	274.73	3.41913
1222.77	273.932	3.41913
1222.55	273.147	3.41913
1222.33	272.375	3.41913
1222.11	271.617	3.41913
1221.9	270.871	3.41913
1221.69	270.138	3.41913
1221.49	269.419	3.41913
1221.29	268.713	3.41913
1221.09	268.019	3.41913
1220.9	267.339	3.41913
1220.71	266.672	3.41913
1220.52	266.018	3.41913
1220.34	265.377	3.41913
1220.16	264.749	3.41913
1219.98	264.134	3.41913
1219.81	263.533	3.41913
1219.64	262.944	3.41913
1219.48	262.368	3.41913
1219.32	261.806	3.41913
1219.16	261.257	3.41913
1219.01	260.72	3.41913
1218.86	260.197	3.41913
1218.72	259.687	3.41913
1218.57	259.19	3.41913
1218.44	258.706	3.41913
1218.3	258.235	3.41913
1218.17	257.777	3.41913
1218.04	257.332	3.41913
1217.92	256.901	3.41913
1217.8	256.482	3.41913
1217.69	256.077	3.41913
1217.57	255.684	3.41913
1217.47	255.305	3.41913
1217.36	254.939	3.41913
1217.26	254.585	3.41913
1217.16	254.245	3.41913
1217.07	253.918	3.41913
1216.98	253.604	3.41913
1216.9	253.303	3.41913
1216.81	253.016	3.41913
1216.74	252.741	3.41913
1216.66	252.479	3.41913
1216.59	252.231	3.41913
1216.52	251.995	3.41913
1216.46	251.773	3.41913
1216.4	251.564	3.41913
1216.34	251.368	3.41913
1216.29	251.184	3.41913
1216.24	251.014	3.41913
1216.2	250.857	3.41913
1216.16	250.713	3.41913
1216.12	250.583	3.41913
1216.09	250.465	3.41913
1216.06	250.36	3.41913
1216.03	250.269	3.41913
1216.01	250.19	3.41913
1215.99	250.125	3.41913
1215.98	250.073	3.41913
1215.96	250.033	3.41913
1215.96	250.007	3.41913
1215.95	249.994	3.41913
1215.95	249.994	3.41913
1215.96	250.007	3.41913
