1215	250.027	0
1215	250.068	0
1215	250.122	0
1215	250.19	0
1215	250.272	0
1215	250.367	0
1215	250.476	0
1215	250.598	0
1215	250.734	0
1215	250.884	0
1215	251.047	0
1215	251.224	0
1215	251.415	0
1215	251.619	0
1215	251.836	0
1215	252.067	0
1215	252.312	0
1215	252.571	0
1215	252.843	0
1215	253.128	0
1215	253.428	0
1215	253.74	0
1215	254.067	0
1215	254.407	0
1215	254.76	0
1215	255.128	0
1215	255.509	0
1215	255.903	0
1215	256.311	0
1215	256.733	0
1215	257.168	0
1215	257.617	0
1215	258.079	0
1215	258.555	0
1215	259.045	0
1215	259.548	0
1215	260.065	0
1215	260.595	0
1215	261.139	0
1215	261.697	0
1215	262.268	0
1215	262.853	0
1215	263.452	0
1215	264.064	0
1215	264.689	0
1215	265.329	0
1215	265.982	0
1215	266.648	0
1215	267.328	0
1215	268.022	0
1215	268.729	0
1215	269.45	0
1215	270.184	0
1215	270.932	0
1215	271.694	0
1215	272.469	0
1215	273.258	0
1215	274.061	0
1215	274.877	0
1215	275.706	0
1215	276.55	0
1215	277.407	0
1215	278.277	0
1215	279.161	0
1215	280.059	0
1215	280.97	0
1215	281.895	0
1215	282.834	0
1215	283.786	0
1215	284.751	0
1215	285.731	0
1215	286.724	0
1215	287.73	0
1215	288.75	0
1215	289.784	0
1215	290.831	0
1215	291.892	0
1215	292.966	0
1215	294.055	0
1215	295.143	0
1215	296.231	0
1215	297.319	0
1215	298.407	0
1215	299.495	0
1215	300.583	0
1215	301.671	0
1215	302.759	0
1215	303.848	0
1215	304.936	0
1215	306.024	0
1215	307.112	0
1215	308.2	0
1215	309.288	0
1215	310.376	0
1215	311.464	0
1215	312.552	0
1215	313.64	0
1215	314.729	0
1215	315.817	0
1215	316.905	0
1215	317.993	0
1215	319.081	0
1215	320.169	0
1215	321.257	0
1215	322.345	0
1215	323.433	0
1215	324.522	0
1215	325.61	0
1215	326.698	0
1215	327.786	0
1215	328.874	0
1215	329.962	0
1215	331.05	0
1215	332.138	0
1215	333.226	0
1215	334.314	0
1215	335.403	0
1215	336.491	0
1215	337.579	0
1215	338.667	0
1215	339.755	0
1215	340.843	0
1215	341.931	0
1215	343.019	0
1215	344.107	0
1215	345.195	0
1215	346.284	0
1215	347.372	0
1215	348.46	0
1215	349.548	0
1215	350.636	0
1215	351.724	0
1215	352.812	0
1215	353.9	0
1215	354.988	0
1215	356.077	0
1215	357.165	0
1215	358.253	0
1215	359.341	0
1215	360.429	0
1215	361.517	0
1215	362.605	0
1215	363.693	0
1215	364.781	0
1215	365.869	0
1215	366.958	0
1215	368.046	0
1215	369.134	0
1215	370.222	0
1215	371.31	0
1215	372.398	0
1215	373.486	0
1215	374.574	0
1215	375.662	0
1215	376.75	0
1215	377.839	0
1215	378.927	0
1215	380.015	0
1215	381.103	0
1215	382.191	0
1215	383.279	0
1215	384.367	0
1215	385.455	0
1215	386.543	0
1215	387.632	0
1215	388.72	0
1215	389.808	0
1215	390.896	0
1215	391.984	0
1215	393.072	0
1215	394.16	0
1215	395.248	0
1215	396.336	0
1215	397.424	0
1215	398.513	0
1215	399.601	0
1215	400.689	0
1215	401.777	0
1215	402.865	0
1215	403.953	0
1215	405.041	0
1215	406.129	0
1215	407.217	0
1215	408.305	0
1215	409.394	0
1215	410.482	0
1215	411.57	0
1215	412.658	0
1215	413.746	0
1215	414.834	0
1215	415.922	0
1215	417.01	0
1215	418.098	0
1215	419.187	0
1215	420.275	0
1215	421.363	0
1215	422.451	0
1215	423.539	0
1215	424.627	0
1215	425.715	0
1215	426.803	0
1215	427.891	0
1215	428.979	0
1215	430.068	0
1215	431.156	0
1215	432.244	0
1215	433.332	0
1215	434.42	0
1215	435.508	0
1215	436.596	0
1215	437.684	0
1215	438.772	0
1215	439.86	0
1215	440.949	0
1215	442.037	0
1215	443.125	0
1215	444.213	0
1215	445.301	0
1215	446.389	0
1215	447.477	0
1215	448.565	0
1215	449.653	0
1215	450.742	0
1215	451.83	0
1215	452.918	0
1215	454.006	0
1215	455.094	0
1215	456.182	0
1215	457.27	0
1215	458.358	0
1215	459.446	0
1215	460.534	0
1215	461.623	0
1215	462.711	0
1215	463.799	0
1215	464.887	0
1215	465.975	0
1215	467.063	0
1215	468.151	0
1215	469.239	0
1215	470.327	0
1215	471.416	0
1215	472.504	0
1215	473.592	0
1215	474.68	0
1215	475.768	0
1215	476.856	0
1215	477.944	0
1215	479.032	0
1215	480.12	0
1215	481.208	0
1215	482.297	0
1215	483.385	0
1215	484.473	0
1215	485.561	0
1215	486.649	0
1215	487.737	0
1215	488.825	0
1215	489.913	0
1215	491.001	0
1215	492.089	0
1215	493.178	0
1215	494.266	0
1215	495.354	0
1215	496.442	0
1215	497.53	0
1215	498.618	0
1215	499.706	0
1215	500.794	0
1215	501.882	0
1215	502.971	0
1215	504.059	0
1215	505.147	0
1215	506.235	0
1215	507.323	0
1215	508.411	0
1215	509.499	0
1215	510.587	0
1215	511.675	0
1215	512.763	0
1215	513.852	0
1215	514.94	0
1215	516.028	0
1215	517.116	0
1215	518.204	0
1215	519.292	0
1215	520.38	0
1215	521.468	0
1215	522.556	0
1215	523.644	0
1215	524.733	0
1215	525.821	0
1215	526.909	0
1215	527.997	0
1215	529.085	0
1215	530.173	0
1215	531.261	0
1215	532.349	0
1215	533.437	0
1215	534.526	0
1215	535.614	0
1215	536.702	0
1215	537.79	0
1215	538.878	0
1215	539.966	0
1215	541.054	0
1215	542.142	0
1215	543.23	0
1215	544.318	0
1215	545.407	0
1215	546.495	0
1215	547.583	0
1215	548.671	0
1215	549.759	0
1215	550.847	0
1215	551.935	0
1215	553.023	0
1215	554.111	0
1215	555.199	0
1215	556.288	0
1215	557.376	0
1215	558.464	0
1215	559.552	0
1215	560.64	0
1215	561.728	0
1215	562.816	0
1215	563.904	0
1215	564.992	0
1215	566.081	0
1215	567.169	0
1215	568.257	0
1215	569.345	0
1215	570.433	0
1215	571.521	0
1215	572.609	0
1215	573.697	0
1215	574.785	0
1215	575.873	0
1215	576.962	0
1215	578.05	0
1215	579.138	0
1215	580.226	0
1215	581.314	0
1215	582.402	0
1215	583.49	0
1215	584.578	0
1215	585.666	0
1215	586.754	0
1215	587.843	0
1215	588.931	0
1215	590.019	0
1215	591.107	0
1215	592.195	0
1215	593.283	0
1215	594.371	0
1215	595.459	0
1215	596.547	0
1215	597.636	0
1215	598.724	0
1215	599.812	0
1215	600.9	0
1215	601.988	0
1215	603.076	0
1215	604.164	0
1215	605.252	0
1215	606.34	0
1215	607.428	0
1215	608.517	0
1215	609.605	0
1215	610.693	0
1215	611.781	0
1215	612.869	0
1215	613.957	0
1215	615.045	0
1215	616.133	0
1215	617.221	0
1215	618.31	0
1215	619.398	0
1215	620.486	0
1215	621.574	0
1215	622.662	0
1215	623.75	0
1215	624.838	0
1215	625.926	0
1215	627.014	0
1215	628.102	0
1215	629.191	0
1215	630.279	0
1215	631.367	0
1215	632.455	0
1215	633.543	0
1215	634.631	0
1215	635.719	0
1215	636.807	0
1215	637.895	0
1215	638.983	0
1215	640.072	0
1215	641.16	0
1215	642.248	0
1215	643.336	0
1215	644.424	0
1215	645.512	0
1215	646.6	0
1215	647.688	0
1215	648.776	0
1215	649.865	0
1215	650.953	0
1215	652.041	0
1215	653.129	0
1215	654.217	0
1215	655.305	0
1215	656.393	0
1215	657.481	0
1215	658.569	0
1215	659.657	0
1215	660.746	0
1215	661.834	0
1215	662.922	0
1215	664.01	0
1215	665.098	0
1215	666.186	0
1215	667.274	0
1215	668.362	0
1215	669.45	0
1215	670.538	0
1215	671.627	0
1215	672.715	0
1215	673.803	0
1215	674.891	0
1215	675.979	0
1215	677.067	0
1215	678.155	0
1215	679.243	0
1215	680.331	0
1215	681.42	0
1215	682.508	0
1215	683.596	0
1215	684.684	0
1215	685.772	0
1215	686.86	0
1215	687.948	0
1215	689.036	0
1215	690.124	0
1215	691.212	0
1215	692.301	0
1215	693.389	0
1215	694.477	0
1215	695.565	0
1215	696.653	0
1215	697.741	0
1215	698.829	0
1215	699.917	0
1215	701.005	0
1215	702.093	0
1215	703.182	0
1215	704.27	0
1215	705.358	0
1215	706.446	0
1215	707.534	0
1215	708.622	0
1215	709.71	0
1215	710.798	0
1215	711.886	0
1215	712.975	0
1215	714.063	0
1215	715.151	0
1215	716.239	0
1215	717.327	0
1215	718.415	0
1215	719.503	0
1215	720.591	0
1215	721.679	0
1215	722.767	0
1215	723.856	0
1215	724.944	0
1215	726.032	0
1215	727.12	0
1215	728.208	0
1215	729.296	0
1215	730.384	0
1215	731.472	0
1215	732.56	0
1215	733.648	0
1215	734.737	0
1215	735.825	0
1215	736.913	0
1215	738.001	0
1215	739.089	0
1215	740.177	0
1215	741.265	0
1215	742.353	0
1215	743.441	0
1215	744.53	0
1215	745.618	0
1215	746.706	0
1215	747.794	0
1215	748.882	0
1215	749.97	0
1215	751.058	0
1215	752.146	0
1215	753.234	0
1215	754.322	0
1215	755.411	0
1215	756.499	0
1215	757.587	0
1215	758.675	0
1215	759.763	0
1215	760.851	0
1215	761.939	0
1215	763.027	0
1215	764.115	0
1215	765.204	0
1215	766.292	0
1215	767.38	0
1215	768.468	0
1215	769.556	0
1215	770.644	0
1215	771.732	0
1215	772.82	0
1215	773.908	0
1215	774.996	0
1215	776.085	0
1215	777.173	0
1215	778.261	0
1215	779.349	0
1215	780.437	0
1215	781.525	0
1215	782.613	0
1215	783.701	0
1215	784.789	0
1215	785.877	0
1215	786.966	0
1215	788.054	0
1215	789.142	0
1215	790.23	0
1215	791.318	0
1215	792.406	0
1215	793.494	0
1215	794.582	0
1215	795.67	0
1215	796.759	0
1215	797.847	0
1215	798.935	0
1215	800.023	0
1215	801.111	0
1215	802.199	0
1215	803.287	0
1215	804.375	0
1215	805.463	0
1215	806.551	0
1215	807.64	0
1215	808.728	0
1215	809.816	0
1215	810.904	0
1215	811.992	0
1215	813.08	0
1215	814.168	0
1215	815.256	0
1215	816.344	0
1215	817.432	0
1215	818.521	0
1215	819.609	0
1215	820.697	0
1215	821.785	0
1215	822.873	0
1215	823.961	0
1215	825.049	0
1215	826.137	0
1215	827.225	0
1215	828.314	0
1215	829.402	0
1215	830.49	0
1215	831.578	0
1215	832.666	0
1215	833.754	0
1215	834.842	0
1215	835.93	0
1215	837.018	0
1215	838.106	0
1215	839.195	0
1215	840.283	0
1215	841.371	0
1215	842.459	0
1215	843.547	0
1215	844.635	0
1215	845.723	0
1215	846.811	0
1215	847.899	0
1215	848.987	0
1215	850.076	0
1215	851.164	0
1215	852.252	0
1215	853.34	0
1215	854.428	0
1215	855.516	0
1215	856.604	0
1215	857.692	0
1215	858.78	0
1215	859.869	0
1215	860.957	0
1215	862.045	0
1215	863.133	0
1215	864.221	0
1215	865.309	0
1215	866.397	0
1215	867.485	0
1215	868.573	0
1215	869.661	0
1215	870.75	0
1215	871.838	0
1215	872.926	0
1215	874.014	0
1215	875.102	0
1215	876.19	0
1215	877.278	0
1215	878.366	0
1215	879.454	0
1215	880.542	0
1215	881.631	0
1215	882.719	0
1215	883.807	0
1215	884.895	0
1215	885.983	0
1215	887.071	0
1215	888.159	0
1215	889.247	0
1215	890.335	0
1215	891.424	0
1215	892.512	0
1215	893.6	0
1215	894.688	0
1215	895.776	0
1215	896.864	0
1215	897.952	0
1215	899.04	0
1215	900.128	0
1215	901.216	0
1215	902.305	0
1215	903.393	0
1215	904.481	0
1215	905.569	0
1215	906.657	0
1215	907.745	0
1215	908.833	0
1215	909.921	0
1215	911.009	0
1215	912.098	0
1215	913.186	0
1215	914.274	0
1215	915.362	0
1215	916.45	0
1215	917.538	0
1215	918.626	0
1215	919.714	0
1215	920.802	0
1215	921.89	0
1215	922.979	0
1215	924.067	0
1215	925.155	0
1215	926.243	0
1215	927.331	0
1215	928.419	0
1215	929.507	0
1215	930.595	0
1215	931.683	0
1215	932.771	0
1215	933.86	0
1215	934.948	0
1215	936.036	0
1215	937.124	0
1215	938.212	0
1215	939.3	0
1215	940.388	0
1215	941.476	0
1215	942.564	0
1215	943.653	0
1215	944.741	0
1215	945.829	0
1215	946.917	0
1215	948.005	0
1215	949.093	0
1215	950.181	0
1215	951.269	0
1215	952.357	0
1215	953.445	0
1215	954.534	0
1215	955.622	0
1215	956.71	0
1215	957.798	0
1215	958.886	0
1215	959.974	0
1215	961.062	0
1215	962.15	0
1215	963.238	0
1215	964.326	0
1215	965.415	0
1215	966.503	0
1215	967.591	0
1215	968.679	0
1215	969.767	0
1215	970.855	0
1215	971.943	0
1215	973.031	0
1215	974.119	0
1215	975.208	0
1215	976.296	0
1215	977.384	0
1215	978.472	0
1215	979.56	0
1215	980.648	0
1215	981.736	0
1215	982.824	0
1215	983.912	0
1215	985	0
1215	986.089	0
1215	987.177	0
1215	988.265	0
1215	989.353	0
1215	990.441	0
1215	991.529	0
1215	992.617	0
1215	993.705	0
1215	994.793	0
1215	995.881	0
1215	996.97	0
1215	998.058	0
1215	999.146	0
1215	1000.23	0
1215	1001.32	0
1215	1002.41	0
1215	1003.5	0
1215	1004.59	0
1215	1005.67	0
1215	1006.76	0
1215	1007.85	0
1215	1008.94	0
1215	1010.03	0
1215	1011.11	0
1215	1012.2	0
1215	1013.29	0
1215	1014.38	0
1215	1015.47	0
1215	1016.56	0
1215	1017.64	0
1215	1018.73	0
1215	1019.82	0
1215	1020.91	0
1215	1022	0
1215	1023.08	0
1215	1024.17	0
1215	1025.26	0
1215	1026.35	0
1215	1027.44	0
1215	1028.52	0
1215	1029.61	0
1215	1030.7	0
1215	1031.79	0
1215	1032.88	0
1215	1033.97	0
1215	1035.05	0
1215	1036.14	0
1215	1037.23	0
1215	1038.32	0
1215	1039.41	0
1215	1040.49	0
1215	1041.58	0
1215	1042.67	0
1215	1043.76	0
1215	1044.85	0
1215	1045.93	0
1215	1047.02	0
1215	1048.11	0
1215	1049.2	0
1215	1050.29	0
1215	1051.37	0
1215	1052.46	0
1215	1053.55	0
1215	1054.64	0
1215	1055.73	0
1215	1056.82	0
1215	1057.9	0
1215	1058.99	0
1215	1060.08	0
1215	1061.17	0
1215	1062.26	0
1215	1063.34	0
1215	1064.43	0
1215	1065.52	0
1215	1066.61	0
1215	1067.7	0
1215	1068.78	0
1215	1069.87	0
1215	1070.96	0
1215	1072.05	0
1215	1073.14	0
1215	1074.22	0
1215	1075.31	0
1215	1076.4	0
1215	1077.49	0
1215	1078.58	0
1215	1079.67	0
1215	1080.75	0
1215	1081.84	0
1215	1082.93	0
1215	1084.02	0
1215	1085.11	0
1215	1086.19	0
1215	1087.28	0
1215	1088.37	0
1215	1089.46	0
1215	1090.55	0
1215	1091.63	0
1215	1092.72	0
1215	1093.81	0
1215	1094.9	0
1215	1095.99	0
1215	1097.08	0
1215	1098.16	0
1215	1099.25	0
1215	1100.34	0
1215	1101.43	0
1215	1102.52	0
1215	1103.6	0
1215	1104.69	0
1215	1105.78	0
1215	1106.87	0
1215	1107.96	0
1215	1109.04	0
1215	1110.13	0
1215	1111.22	0
1215	1112.31	0
1215	1113.4	0
1215	1114.48	0
1215	1115.57	0
1215	1116.66	0
1215	1117.75	0
1215	1118.84	0
1215	1119.93	0
1215	1121.01	0
1215	1122.1	0
1215	1123.19	0
1215	1124.28	0
1215	1125.37	0
1215	1126.45	0
1215	1127.54	0
1215	1128.63	0
1215	1129.72	0
1215	1130.81	0
1215	1131.89	0
1215	1132.98	0
1215	1134.07	0
1215	1135.16	0
1215	1136.25	0
1215	1137.33	0
1215	1138.42	0
1215	1139.51	0
1215	1140.6	0
1215	1141.69	0
1215	1142.78	0
1215	1143.86	0
1215	1144.95	0
1215	1146.04	0
1215	1147.13	0
1215	1148.22	0
1215	1149.3	0
1215	1150.39	0
1215	1151.48	0
1215	1152.57	0
1215	1153.66	0
1215	1154.74	0
1215	1155.83	0
1215	1156.92	0
1215	1158.01	0
1215	1159.1	0
1215	1160.19	0
1215	1161.27	0
1215	1162.36	0
1215	1163.45	0
1215	1164.54	0
1215	1165.63	0
1215	1166.71	0
1215	1167.8	0
1215	1168.89	0
1215	1169.98	0
1215	1171.07	0
1215	1172.15	0
1215	1173.24	0
1215	1174.33	0
1215	1175.42	0
1215	1176.51	0
1215	1177.59	0
1215	1178.68	0
1215	1179.77	0
1215	1180.86	0
1215	1181.95	0
1215	1183.04	0
1215	1184.12	0
1215	1185.21	0
1215	1186.3	0
1215	1187.39	0
1215	1188.48	0
1215	1189.56	0
1215	1190.65	0
1215	1191.74	0
1215	1192.83	0
1215	1193.92	0
1215	1195	0
1215	1196.09	0
1215	1197.18	0
1215	1198.27	0
1215	1199.36	0
1215	1200.44	0
1215	1201.53	0
1215	1202.62	0
1215	1203.71	0
1215	1204.8	0
1215	1205.89	0
1215	1206.97	0
1215	1208.06	0
1215	1209.15	0
1215	1210.24	0
1215	1211.33	0
1215	1212.41	0
1215	1213.5	0
1215	1214.59	0
1215	1215.68	0
1215	1216.77	0
1215	1217.85	0
1215	1218.94	0
1215	1220.03	0
1215	1221.12	0
1215	1222.21	0
1215	1223.3	0
1215	1224.38	0
1215	1225.47	0
1215	1226.56	0
1215	1227.65	0
1215	1228.74	0
1215	1229.82	0
1215	1230.91	0
1215	1232	0
1215	1233.09	0
1215	1234.18	0
1215	1235.26	0
1215	1236.35	0
1215	1237.44	0
1215	1238.53	0
1215	1239.62	0
1215	1240.7	0
1215	1241.79	0
1215	1242.88	0
1215	1243.97	0
1215	1245.06	0
1215	1246.15	0
1215	1247.23	0
1215	1248.32	0
1215	1249.41	0
1215	1250.5	0
1215	1251.59	0
1215	1252.67	0
1215	1253.76	0
1215	1254.85	0
1215	1255.94	0
1215	1257.03	0
1215	1258.11	0
1215	1259.2	0
1215	1260.29	0
1215	1261.38	0
1215	1262.47	0
1215	1263.56	0
1215	1264.64	0
1215	1265.73	0
1215	1266.82	0
1215	1267.91	0
1215	1269	0
1215	1270.08	0
1215	1271.17	0
1215	1272.26	0
1215	1273.35	0
1215	1274.44	0
1215	1275.52	0
1215	1276.61	0
1215	1277.7	0
1215	1278.79	0
1215	1279.88	0
1215	1280.96	0
1215	1282.05	0
1215	1283.14	0
1215	1284.23	0
1215	1285.32	0
1215	1286.41	0
1215	1287.49	0
1215	1288.58	0
1215	1289.67	0
1215	1290.76	0
1215	1291.85	0
1215	1292.93	0
1215	1294.02	0
1215	1295.11	0
1215	1296.2	0
1215	1297.29	0
1215	1298.37	0
1215	1299.46	0
1215	1300.55	0
1215	1301.64	0
1215	1302.73	0
1215	1303.81	0
1215	1304.9	0
1215	1305.99	0
1215	1307.08	0
1215	1308.17	0
1215	1309.26	0
1215	1310.34	0
1215	1311.43	0
1215	1312.52	0
1215	1313.61	0
1215	1314.7	0
1215	1315.78	0
1215	1316.87	0
1215	1317.96	0
1215	1319.05	0
1215	1320.14	0
1215	1321.22	0
1215	1322.31	0
1215	1323.4	0
1215	1324.49	0
1215	1325.58	0
1215	1326.67	0
1215	1327.75	0
1215	1328.84	0
1215	1329.93	0
1215	1331.02	0
1215	1332.11	0
1215	1333.19	0
1215	1334.28	0
1215	1335.37	0
1215	1336.46	0
1215	1337.55	0
1215	1338.63	0
1215	1339.72	0
1215	1340.81	0
1215	1341.9	0
1215	1342.99	0
1215	1344.07	0
1215	1345.16	0
1215	1346.25	0
1215	1347.34	0
1215	1348.43	0
1215	1349.52	0
1215	1350.6	0
1215	1351.69	0
1215	1352.78	0
1215	1353.87	0
1215	1354.96	0
1215	1356.04	0
1215	1357.13	0
1215	1358.22	0
1215	1359.31	0
1215	1360.4	0
1215	1361.48	0
1215	1362.57	0
1215	1363.66	0
1215	1364.75	0
1215	1365.84	0
1215	1366.92	0
1215	1368.01	0
1215	1369.1	0
1215	1370.19	0
1215	1371.28	0
1215	1372.37	0
1215	1373.45	0
1215	1374.54	0
1215	1375.63	0
1215	1376.72	0
1215	1377.81	0
1215	1378.89	0
1215	1379.98	0
1215	1381.07	0
1215	1382.16	0
1215	1383.25	0
1215	1384.33	0
1215	1385.42	0
1215	1386.51	0
1215	1387.6	0
1215	1388.69	0
1215	1389.78	0
1215	1390.86	0
1215	1391.95	0
1215	1393.04	0
1215	1394.13	0
1215	1395.22	0
1215	1396.3	0
1215	1397.39	0
1215	1398.48	0
1215	1399.57	0
1215	1400.66	0
1215	1401.74	0
1215	1402.83	0
1215	1403.92	0
1215	1405.01	0
1215	1406.1	0
1215	1407.18	0
1215	1408.27	0
1215	1409.36	0
1215	1410.45	0
1215	1411.54	0
1215	1412.63	0
1215	1413.71	0
1215	1414.8	0
1215	1415.89	0
1215	1416.98	0
1215	1418.07	0
1215	1419.15	0
1215	1420.24	0
1215	1421.33	0
1215	1422.42	0
1215	1423.51	0
1215	1424.59	0
1215	1425.68	0
1215	1426.77	0
1215	1427.86	0
1215	1428.95	0
1215	1430.03	0
1215	1431.12	0
1215	1432.21	0
1215	1433.3	0
1215	1434.39	0
1215	1435.48	0
1215	1436.56	0
1215	1437.65	0
1215	1438.74	0
1215	1439.83	0
1215	1440.92	0
1215	1442	0
1215	1443.09	0
1215	1444.18	0
1215	1445.27	0
1215	1446.36	0
1215	1447.44	0
1215	1448.53	0
1215	1449.62	0
1215	1450.71	0
1215	1451.8	0
1215	1452.89	0
1215	1453.97	0
1215	1455.06	0
1215	1456.15	0
1215	1457.24	0
1215	1458.33	0
1215	1459.41	0
1215	1460.5	0
1215	1461.59	0
1215	1462.68	0
1215	1463.77	0
1215	1464.85	0
1215	1465.94	0
1215	1467.03	0
1215	1468.12	0
1215	1469.21	0
1215	1470.29	0
1215	1471.38	0
1215	1472.47	0
1215	1473.56	0
1215	1474.65	0
1215	1475.74	0
1215	1476.82	0
1215	1477.91	0
1215	1479	0
1215	1480.09	0
1215	1481.18	0
1215	1482.26	0
1215	1483.35	0
1215	1484.44	0
1215	1485.53	0
1215	1486.62	0
1215	1487.7	0
1215	1488.79	0
1215	1489.88	0
1215	1490.97	0
1215	1492.06	0
1215	1493.14	0
1215	1494.23	0
1215	1495.32	0
1215	1496.41	0
1215	1497.5	0
1215	1498.59	0
1215	1499.67	0
1215	1500.76	0
1215	1501.85	0
1215	1502.94	0
1215	1504.03	0
1215	1505.11	0
1215	1506.2	0
1215	1507.29	0
1215	1508.38	0
1215	1509.47	0
1215	1510.55	0
1215	1511.64	0
1215	1512.73	0
1215	1513.82	0
1215	1514.91	0
1215	1516	0
1215	1517.08	0
1215	1518.17	0
1215	1519.26	0
1215	1520.35	0
1215	1521.44	0
1215	1522.52	0
1215	1523.61	0
1215	1524.7	0
1215	1525.79	0
1215	1526.88	0
1215	1527.96	0
1215	1529.05	0
1215	1530.14	0
1215	1531.23	0
1215	1532.32	0
1215	1533.4	0
1215	1534.49	0
1215	1535.58	0
1215	1536.67	0
1215	1537.76	0
1215	1538.85	0
1215	1539.93	0
1215	1541.02	0
1215	1542.11	0
1215	1543.2	0
1215	1544.29	0
1215	1545.37	0
1215	1546.46	0
1215	1547.55	0
1215	1548.64	0
1215	1549.73	0
1215	1550.81	0
1215	1551.9	0
1215	1552.99	0
1215	1554.08	0
1215	1555.17	0
1215	1556.25	0
1215	1557.34	0
1215	1558.43	0
1215	1559.52	0
1215	1560.61	0
1215	1561.7	0
1215	1562.78	0
1215	1563.87	0
1215	1564.96	0
1215	1566.05	0
1215	1567.14	0
1215	1568.22	0
1215	1569.31	0
1215	1570.4	0
1215	1571.49	0
1215	1572.58	0
1215	1573.66	0
1215	1574.75	0
1215	1575.84	0
1215	1576.93	0
1215	1578.02	0
1215	1579.11	0
1215	1580.19	0
1215	1581.28	0
1215	1582.37	0
1215	1583.46	0
1215	1584.55	0
1215	1585.63	0
1215	1586.72	0
1215	1587.81	0
1215	1588.9	0
1215	1589.99	0
1215	1591.07	0
1215	1592.16	0
1215	1593.25	0
1215	1594.34	0
1215	1595.43	0
1215	1596.51	0
1215	1597.6	0
1215	1598.69	0
1215	1599.78	0
1215	1600.87	0
1215	1601.96	0
1215	1603.04	0
1215	1604.13	0
1215	1605.22	0
1215	1606.31	0
1215	1607.4	0
1215	1608.48	0
1215	1609.57	0
1215	1610.66	0
1215	1611.75	0
1215	1612.84	0
1215	1613.92	0
1215	1615.01	0
1215	1616.1	0
1215	1617.19	0
1215	1618.28	0
1215	1619.36	0
1215	1620.45	0
1215	1621.54	0
1215	1622.63	0
1215	1623.72	0
1215	1624.81	0
1215	1625.89	0
1215	1626.98	0
1215	1628.07	0
1215	1629.16	0
1215	1630.25	0
1215	1631.33	0
1215	1632.42	0
1215	1633.51	0
1215	1634.6	0
1215	1635.69	0
1215	1636.77	0
1215	1637.86	0
1215	1638.95	0
1215	1640.04	0
1215	1641.13	0
1215	1642.22	0
1215	1643.3	0
1215	1644.39	0
1215	1645.48	0
1215	1646.57	0
1215	1647.66	0
1215	1648.74	0
1215	1649.83	0
1215	1650.92	0
1215	1652.01	0
1215	1653.1	0
1215	1654.18	0
1215	1655.27	0
1215	1656.36	0
1215	1657.45	0
1215	1658.54	0
1215	1659.62	0
1215	1660.71	0
1215	1661.8	0
1215	1662.89	0
1215	1663.98	0
1215	1665.07	0
1215	1666.15	0
1215	1667.24	0
1215	1668.33	0
1215	1669.42	0
1215	1670.51	0
1215	1671.59	0
1215	1672.68	0
1215	1673.77	0
1215	1674.86	0
1215	1675.95	0
1215	1677.03	0
1215	1678.12	0
1215	1679.21	0
1215	1680.3	0
1215	1681.39	0
1215	1682.47	0
1215	1683.56	0
1215	1684.65	0
1215	1685.74	0
1215	1686.83	0
1215	1687.92	0
1215	1689	0
1215	1690.09	0
1215	1691.18	0
1215	1692.27	0
1215	1693.36	0
1215	1694.44	0
1215	1695.53	0
1215	1696.62	0
1215	1697.71	0
1215	1698.8	0
1215	1699.88	0
1215	1700.97	0
1215	1702.06	0
1215	1703.15	0
1215	1704.24	0
1215	1705.33	0
1215	1706.41	0
1215	1707.5	0
1215	1708.59	0
1215	1709.68	0
1215	1710.77	0
1215	1711.85	0
1215	1712.94	0
1215	1714.03	0
1215	1715.12	0
1215	1716.21	0
1215	1717.29	0
1215	1718.38	0
1215	1719.47	0
1215	1720.56	0
1215	1721.65	0
1215	1722.73	0
1215	1723.82	0
1215	1724.91	0
1215	1726	0
1215	1727.09	0
1215	1728.18	0
1215	1729.26	0
1215	1730.35	0
1215	1731.44	0
1215	1732.53	0
1215	1733.62	0
1215	1734.7	0
1215	1735.79	0
1215	1736.88	0
1215	1737.97	0
1215	1739.06	0
1215	1740.14	0
1215	1741.23	0
1215	1742.32	0
1215	1743.41	0
1215	1744.5	0
1215	1745.58	0
1215	1746.67	0
1215	1747.76	0
1215	1748.85	0
1215	1749.94	0
1215	1751.03	0
1215	1752.11	0
1215	1753.2	0
1215	1754.29	0
1215	1755.38	0
1215	1756.47	0
1215	1757.55	0
1215	1758.64	0
1215	1759.73	0
1215	1760.82	0
1215	1761.91	0
1215	1762.99	0
1215	1764.08	0
1215	1765.17	0
1215	1766.26	0
1215	1767.35	0
1215	1768.44	0
1215	1769.52	0
1215	1770.61	0
1215	1771.7	0
1215	1772.79	0
1215	1773.88	0
1215	1774.96	0
1215	1776.05	0
1215	1777.14	0
1215	1778.23	0
1215	1779.32	0
1215	1780.4	0
1215	1781.49	0
1215	1782.58	0
1215	1783.67	0
1215	1784.76	0
1215	1785.84	0
1215	1786.93	0
1215	1788.02	0
1215	1789.11	0
1215	1790.2	0
1215	1791.29	0
1215	1792.37	0
1215	1793.46	0
1215	1794.55	0
1215	1795.64	0
1215	1796.73	0
1215	1797.81	0
1215	1798.9	0
1215	1799.99	0
1215	1801.08	0
1215	1802.17	0
1215	1803.25	0
1215	1804.34	0
1215	1805.43	0
1215	1806.52	0
1215	1807.61	0
1215	1808.69	0
1215	1809.78	0
1215	1810.87	0
1215	1811.96	0
1215	1813.05	0
1215	1814.14	0
1215	1815.22	0
1215	1816.31	0
1215	1817.4	0
1215	1818.49	0
1215	1819.58	0
1215	1820.66	0
1215	1821.75	0
1215	1822.84	0
1215	1823.93	0
1215	1825.02	0
1215	1826.1	0
1215	1827.19	0
1215	1828.28	0
1215	1829.37	0
1215	1830.46	0
1215	1831.55	0
1215	1832.63	0
1215	1833.72	0
1215	1834.81	0
1215	1835.9	0
1215	1836.99	0
1215	1838.07	0
1215	1839.16	0
1215	1840.25	0
1215	1841.34	0
1215	1842.43	0
1215	1843.51	0
1215	1844.6	0
1215	1845.69	0
1215	1846.78	0
1215	1847.87	0
1215	1848.95	0
1215	1850.04	0
1215	1851.13	0
1215	1852.22	0
1215	1853.31	0
1215	1854.4	0
1215	1855.48	0
1215	1856.57	0
1215	1857.66	0
1215	1858.75	0
1215	1859.84	0
1215	1860.92	0
1215	1862.01	0
1215	1863.1	0
1215	1864.19	0
1215	1865.28	0
1215	1866.36	0
1215	1867.45	0
1215	1868.54	0
1215	1869.63	0
1215	1870.72	0
1215	1871.8	0
1215	1872.89	0
1215	1873.98	0
1215	1875.07	0
1215	1876.16	0
1215	1877.25	0
1215	1878.33	0
1215	1879.42	0
1215	1880.51	0
1215	1881.6	0
1215	1882.69	0
1215	1883.77	0
1215	1884.86	0
1215	1885.95	0
1215	1887.04	0
1215	1888.13	0
1215	1889.21	0
1215	1890.3	0
1215	1891.39	0
1215	1892.48	0
1215	1893.57	0
1215	1894.66	0
1215	1895.74	0
1215	1896.83	0
1215	1897.92	0
1215	1899.01	0
1215	1900.1	0
1215	1901.18	0
1215	1902.27	0
1215	1903.36	0
1215	1904.45	0
1215	1905.54	0
1215	1906.62	0
1215	1907.71	0
1215	1908.8	0
1215	1909.89	0
1215	1910.98	0
1215	1912.06	0
1215	1913.15	0
1215	1914.24	0
1215	1915.33	0
1215	1916.42	0
1215	1917.51	0
1215	1918.59	0
1215	1919.68	0
1215	1920.77	0
1215	1921.86	0
1215	1922.95	0
1215	1924.03	0
1215	1925.12	0
1215	1926.21	0
1215	1927.3	0
1215	1928.39	0
1215	1929.47	0
1215	1930.56	0
1215	1931.65	0
1215	1932.74	0
1215	1933.83	0
1215	1934.91	0
1215	1936	0
1215	1937.09	0
1215	1938.18	0
1215	1939.27	0
1215	1940.36	0
1215	1941.44	0
1215	1942.53	0
1215	1943.62	0
1215	1944.71	0
1215	1945.8	0
1215	1946.88	0
1215	1947.97	0
1215	1949.06	0
1215	1950.15	0
1215	1951.24	0
1215	1952.32	0
1215	1953.41	0
1215	1954.5	0
1215	1955.59	0
1215	1956.68	0
1215	1957.75	0
1215	1958.81	0
1215	1959.86	0
1215	1960.89	0
1215	1961.91	0
1215	1962.92	0
1215	1963.91	0
1215	1964.89	0
1215	1965.86	0
1215	1966.81	0
1215	1967.75	0
1215	1968.67	0
1215	1969.58	0
1215	1970.48	0
1215	1971.37	0
1215	1972.24	0
1215	1973.09	0
1215	1973.94	0
1215	1974.77	0
1215	1975.58	0
1215	1976.39	0
1215	1977.17	0
1215	1977.95	0
1215	1978.71	0
1215	1979.46	0
1215	1980.19	0
1215	1980.91	0
1215	1981.62	0
1215	1982.32	0
1215	1983	0
1215	1983.66	0
1215	1984.31	0
1215	1984.95	0
1215	1985.58	0
1215	1986.19	0
1215	1986.79	0
1215	1987.38	0
1215	1987.95	0
1215	1988.5	0
1215	1989.05	0
1215	1989.58	0
1215	1990.1	0
1215	1990.6	0
1215	1991.09	0
1215	1991.56	0
1215	1992.03	0
1215	1992.48	0
1215	1992.91	0
1215	1993.33	0
1215	1993.74	0
1215	1994.14	0
1215	1994.52	0
1215	1994.88	0
1215	1995.24	0
1215	1995.58	0
1215	1995.9	0
1215	1996.22	0
1215	1996.52	0
1215	1996.8	0
1215	1997.07	0
1215	1997.33	0
1215	1997.58	0
1215	1997.81	0
1215	1998.03	0
1215	1998.23	0
1215	1998.42	0
1215	1998.6	0
1215	1998.76	0
1215	1998.91	0
1215	1999.05	0
1215	1999.17	0
1215	1999.28	0
1215	1999.37	0
1215	1999.45	0
1215	1999.52	0
1215	1999.58	0
1215	1999.62	0
1215	1999.64	0
1215	1999.66	0
1215	1999.66	0
1215	1999.64	0
1215	1999.64	-0.000310887
1215	1999.64	-0.000777217
1215	1999.64	-0.00139899
1215	1999.64	-0.00217621
1215	1999.64	-0.00310887
1215	1999.64	-0.00419697
1215	1999.64	-0.00544052
1215	1999.64	-0.00683951
1215	1999.64	-0.00839394
1215	1999.64	-0.0101038
1215	1999.64	-0.0119691
1215	1999.64	-0.0139899
1215	1999.64	-0.0161661
1215	1999.64	-0.0184978
1215	1999.64	-0.0209849
1215	1999.64	-0.0236274
1215	1999.64	-0.0264254
1215	1999.64	-0.0293788
1215	1999.64	-0.0324877
1215	1999.64	-0.035752
1215	1999.64	-0.0391717
1215	1999.64	-0.0427469
1215	1999.64	-0.0464776
1215	1999.64	-0.0503637
1215	1999.64	-0.0544052
1215	1999.64	-0.0586022
1215	1999.64	-0.0629546
1215	1999.64	-0.0674624
1215	1999.64	-0.0721257
1215	1999.64	-0.0769445
1215	1999.64	-0.0819187
1215	1999.64	-0.0870483
1215	1999.64	-0.0923334
1215	1999.64	-0.0977739
1215	1999.64	-0.10337
1215	1999.64	-0.109121
1215	1999.64	-0.115028
1215	1999.64	-0.12109
1215	1999.64	-0.127308
1215	1999.64	-0.133681
1215	1999.64	-0.14021
1215	1999.64	-0.146894
1215	1999.64	-0.153734
1215	1999.64	-0.160728
1215	1999.64	-0.167879
1215	1999.64	-0.175185
1215	1999.64	-0.182646
1215	1999.64	-0.190263
1215	1999.64	-0.198035
1215	1999.64	-0.205962
1215	1999.64	-0.214046
1215	1999.64	-0.222284
1215	1999.64	-0.230678
1215	1999.64	-0.239227
1215	1999.64	-0.247932
1215	1999.64	-0.256792
1215	1999.64	-0.265808
1215	1999.64	-0.274979
1215	1999.64	-0.284306
1215	1999.64	-0.293788
1215	1999.64	-0.303425
1215	1999.64	-0.313218
1215	1999.64	-0.323167
1215	1999.64	-0.333271
1215	1999.64	-0.34353
1215	1999.64	-0.353945
1215	1999.64	-0.364515
1215	1999.64	-0.37524
1215	1999.64	-0.386121
1215	1999.64	-0.397158
1215	1999.64	-0.40835
1215	1999.64	-0.419697
1215	1999.64	-0.4312
1215	1999.64	-0.442858
1215	1999.64	-0.454672
1215	1999.64	-0.466641
1215	1999.64	-0.478766
1215	1999.64	-0.491046
1215	1999.64	-0.503481
1215	1999.64	-0.515917
1215	1999.64	-0.528352
1215	1999.64	-0.540788
1215	1999.64	-0.553223
1215	1999.64	-0.565658
1215	1999.64	-0.578094
1215	1999.64	-0.590529
1215	1999.64	-0.602965
1215	1999.64	-0.6154
1215	1999.64	-0.627836
1215	1999.64	-0.640271
1215	1999.64	-0.652707
1215	1999.64	-0.665142
1215	1999.64	-0.677578
1215	1999.64	-0.690013
1215	1999.64	-0.702449
1215	1999.64	-0.714884
1215	1999.64	-0.72732
1215	1999.64	-0.739755
1215	1999.64	-0.752191
1215	1999.64	-0.764626
1215	1999.64	-0.777061
1215	1999.64	-0.789497
1215	1999.64	-0.801932
1215	1999.64	-0.814368
1215	1999.64	-0.826803
1215	1999.64	-0.839239
1215	1999.64	-0.851674
1215	1999.64	-0.86411
1215	1999.64	-0.876545
1215	1999.64	-0.888981
1215	1999.64	-0.901416
1215	1999.64	-0.913852
1215	1999.64	-0.926287
1215	1999.64	-0.938723
1215	1999.64	-0.951158
1215	1999.64	-0.963594
1215	1999.64	-0.976029
1215	1999.64	-0.988464
1215	1999.64	-1.0009
1215	1999.64	-1.01334
1215	1999.64	-1.02577
1215	1999.64	-1.03821
1215	1999.64	-1.05064
1215	1999.64	-1.06308
1215	1999.64	-1.07551
1215	1999.64	-1.08779
1215	1999.64	-1.09992
1215	1999.64	-1.11189
1215	1999.64	-1.1237
1215	1999.64	-1.13536
1215	1999.64	-1.14686
1215	1999.64	-1.15821
1215	1999.64	-1.1694
1215	1999.64	-1.18044
1215	1999.64	-1.19132
1215	1999.64	-1.20204
1215	1999.64	-1.21261
1215	1999.64	-1.22303
1215	1999.64	-1.23329
1215	1999.64	-1.24339
1215	1999.64	-1.25334
1215	1999.64	-1.26313
1215	1999.64	-1.27277
1215	1999.64	-1.28225
1215	1999.64	-1.29158
1215	1999.64	-1.30075
1215	1999.64	-1.30977
1215	1999.64	-1.31863
1215	1999.64	-1.32733
1215	1999.64	-1.33588
1215	1999.64	-1.34427
1215	1999.64	-1.35251
1215	1999.64	-1.3606
1215	1999.64	-1.36852
1215	1999.64	-1.3763
1215	1999.64	-1.38391
1215	1999.64	-1.39137
1215	1999.64	-1.39868
1215	1999.64	-1.40583
1215	1999.64	-1.41282
1215	1999.64	-1.41966
1215	1999.64	-1.42635
1215	1999.64	-1.43288
1215	1999.64	-1.43925
1215	1999.64	-1.44547
1215	1999.64	-1.45153
1215	1999.64	-1.45744
1215	1999.64	-1.46319
1215	1999.64	-1.46878
1215	1999.64	-1.47423
1215	1999.64	-1.47951
1215	1999.64	-1.48464
1215	1999.64	-1.48961
1215	1999.64	-1.49443
1215	1999.64	-1.4991
1215	1999.64	-1.5036
1215	1999.64	-1.50796
1215	1999.64	-1.51215
1215	1999.64	-1.51619
1215	1999.64	-1.52008
1215	1999.64	-1.52381
1215	1999.64	-1.52739
1215	1999.64	-1.53081
1215	1999.64	-1.53407
1215	1999.64	-1.53718
1215	1999.64	-1.54013
1215	1999.64	-1.54293
1215	1999.64	-1.54557
1215	1999.64	-1.54806
1215	1999.64	-1.55039
1215	1999.64	-1.55257
1215	1999.64	-1.55459
1215	1999.64	-1.55645
1215	1999.64	-1.55816
1215	1999.64	-1.55972
1215	1999.64	-1.56112
1215	1999.64	-1.56236
1215	1999.64	-1.56345
1215	1999.64	-1.56438
1215	1999.64	-1.56516
1215	1999.64	-1.56578
1215	1999.64	-1.56625
1215	1999.64	-1.56656
1215	1999.64	-1.56671
1215	1999.64	-1.56671
1215	1999.64	-1.56656
1214.97	1999.64	-1.56656
1214.93	1999.64	-1.56656
1214.88	1999.64	-1.56656
1214.81	1999.64	-1.56656
1214.73	1999.64	-1.56656
1214.63	1999.65	-1.56656
1214.52	1999.65	-1.56656
1214.4	1999.65	-1.56656
1214.27	1999.65	-1.56656
1214.12	1999.65	-1.56656
1213.95	1999.65	-1.56656
1213.78	1999.65	-1.56656
1213.59	1999.65	-1.56656
1213.38	1999.65	-1.56656
1213.16	1999.65	-1.56656
1212.93	1999.65	-1.56656
1212.69	1999.65	-1.56656
1212.43	1999.65	-1.56656
1212.16	1999.66	-1.56656
1211.87	1999.66	-1.56656
1211.57	1999.66	-1.56656
1211.26	1999.66	-1.56656
1210.93	1999.66	-1.56656
1210.59	1999.66	-1.56656
1210.24	1999.66	-1.56656
1209.87	1999.67	-1.56656
1209.49	1999.67	-1.56656
1209.1	1999.67	-1.56656
1208.69	1999.67	-1.56656
1208.27	1999.67	-1.56656
1207.83	1999.67	-1.56656
1207.38	1999.68	-1.56656
1206.92	1999.68	-1.56656
1206.44	1999.68	-1.56656
1205.96	1999.68	-1.56656
1205.45	1999.68	-1.56656
1204.94	1999.69	-1.56656
1204.4	1999.69	-1.56656
1203.86	1999.69	-1.56656
1203.3	1999.69	-1.56656
1202.73	1999.7	-1.56656
1202.15	1999.7	-1.56656
1201.55	1999.7	-1.56656
1200.94	1999.7	-1.56656
1200.31	1999.71	-1.56656
1199.67	1999.71	-1.56656
1199.02	1999.71	-1.56656
1198.35	1999.71	-1.56656
1197.67	1999.72	-1.56656
1196.98	1999.72	-1.56656
1196.27	1999.72	-1.56656
1195.55	1999.73	-1.56656
1194.82	1999.73	-1.56656
1194.07	1999.73	-1.56656
1193.31	1999.74	-1.56656
1192.53	1999.74	-1.56656
1191.74	1999.74	-1.56656
1190.94	1999.75	-1.56656
1190.12	1999.75	-1.56656
1189.29	1999.75	-1.56656
1188.45	1999.76	-1.56656
1187.59	1999.76	-1.56656
1186.72	1999.76	-1.56656
1185.84	1999.77	-1.56656
1184.94	1999.77	-1.56656
1184.03	1999.77	-1.56656
1183.11	1999.78	-1.56656
1182.17	1999.78	-1.56656
1181.21	1999.79	-1.56656
1180.25	1999.79	-1.56656
1179.27	1999.79	-1.56656
1178.28	1999.8	-1.56656
1177.27	1999.8	-1.56656
1176.25	1999.81	-1.56656
1175.22	1999.81	-1.56656
1174.17	1999.82	-1.56656
1173.11	1999.82	-1.56656
1172.03	1999.83	-1.56656
1170.95	1999.83	-1.56656
1169.86	1999.83	-1.56656
1168.77	1999.84	-1.56656
1167.68	1999.84	-1.56656
1166.59	1999.85	-1.56656
1165.51	1999.85	-1.56656
1164.42	1999.86	-1.56656
1163.33	1999.86	-1.56656
1162.24	1999.87	-1.56656
1161.15	1999.87	-1.56656
1160.06	1999.88	-1.56656
1158.98	1999.88	-1.56656
1157.89	1999.89	-1.56656
1156.8	1999.89	-1.56656
1155.71	1999.89	-1.56656
1154.62	1999.9	-1.56656
1153.54	1999.9	-1.56656
1152.45	1999.91	-1.56656
1151.36	1999.91	-1.56656
1150.27	1999.92	-1.56656
1149.18	1999.92	-1.56656
1148.1	1999.93	-1.56656
1147.01	1999.93	-1.56656
1145.92	1999.94	-1.56656
1144.83	1999.94	-1.56656
1143.74	1999.95	-1.56656
1142.66	1999.95	-1.56656
1141.57	1999.95	-1.56656
1140.48	1999.96	-1.56656
1139.39	1999.96	-1.56656
1138.3	1999.97	-1.56656
1137.21	1999.97	-1.56656
1136.13	1999.98	-1.56656
1135.04	1999.98	-1.56656
1133.95	1999.99	-1.56656
1132.86	1999.99	-1.56656
1131.77	2000	-1.56656
1130.69	2000	-1.56656
1129.6	2000.01	-1.56656
1128.51	2000.01	-1.56656
1127.42	2000.01	-1.56656
1126.33	2000.02	-1.56656
1125.25	2000.02	-1.56656
1124.16	2000.03	-1.56656
1123.07	2000.03	-1.56656
1121.98	2000.04	-1.56656
1120.89	2000.04	-1.56656
1119.81	2000.05	-1.56656
1118.72	2000.05	-1.56656
1117.63	2000.06	-1.56656
1116.54	2000.06	-1.56656
1115.45	2000.07	-1.56656
1114.36	2000.07	-1.56656
1113.28	2000.07	-1.56656
1112.19	2000.08	-1.56656
1111.1	2000.08	-1.56656
1110.01	2000.09	-1.56656
1108.92	2000.09	-1.56656
1107.84	2000.1	-1.56656
1106.75	2000.1	-1.56656
1105.66	2000.11	-1.56656
1104.57	2000.11	-1.56656
1103.48	2000.12	-1.56656
1102.4	2000.12	-1.56656
1101.31	2000.13	-1.56656
1100.22	2000.13	-1.56656
1099.13	2000.13	-1.56656
1098.04	2000.14	-1.56656
1096.96	2000.14	-1.56656
1095.87	2000.15	-1.56656
1094.78	2000.15	-1.56656
1093.69	2000.16	-1.56656
1092.6	2000.16	-1.56656
1091.51	2000.17	-1.56656
1090.43	2000.17	-1.56656
1089.34	2000.18	-1.56656
1088.25	2000.18	-1.56656
1087.16	2000.19	-1.56656
1086.07	2000.19	-1.56656
1084.99	2000.19	-1.56656
1083.9	2000.2	-1.56656
1082.81	2000.2	-1.56656
1081.72	2000.21	-1.56656
1080.63	2000.21	-1.56656
1079.55	2000.22	-1.56656
1078.46	2000.22	-1.56656
1077.37	2000.23	-1.56656
1076.28	2000.23	-1.56656
1075.19	2000.24	-1.56656
1074.11	2000.24	-1.56656
1073.02	2000.25	-1.56656
1071.93	2000.25	-1.56656
1070.84	2000.25	-1.56656
1069.75	2000.26	-1.56656
1068.66	2000.26	-1.56656
1067.58	2000.27	-1.56656
1066.49	2000.27	-1.56656
1065.4	2000.28	-1.56656
1064.31	2000.28	-1.56656
1063.22	2000.29	-1.56656
1062.14	2000.29	-1.56656
1061.05	2000.3	-1.56656
1059.96	2000.3	-1.56656
1058.87	2000.31	-1.56656
1057.78	2000.31	-1.56656
1056.7	2000.31	-1.56656
1055.61	2000.32	-1.56656
1054.52	2000.32	-1.56656
1053.43	2000.33	-1.56656
1052.34	2000.33	-1.56656
1051.26	2000.34	-1.56656
1050.17	2000.34	-1.56656
1049.08	2000.35	-1.56656
1047.99	2000.35	-1.56656
1046.9	2000.36	-1.56656
1045.81	2000.36	-1.56656
1044.73	2000.37	-1.56656
1043.64	2000.37	-1.56656
1042.55	2000.37	-1.56656
1041.46	2000.38	-1.56656
1040.37	2000.38	-1.56656
1039.29	2000.39	-1.56656
1038.2	2000.39	-1.56656
1037.11	2000.4	-1.56656
1036.02	2000.4	-1.56656
1034.93	2000.41	-1.56656
1033.85	2000.41	-1.56656
1032.76	2000.42	-1.56656
1031.67	2000.42	-1.56656
1030.58	2000.43	-1.56656
1029.49	2000.43	-1.56656
1028.41	2000.43	-1.56656
1027.32	2000.44	-1.56656
1026.23	2000.44	-1.56656
1025.14	2000.45	-1.56656
1024.05	2000.45	-1.56656
1022.97	2000.46	-1.56656
1021.88	2000.46	-1.56656
1020.79	2000.47	-1.56656
1019.7	2000.47	-1.56656
1018.61	2000.48	-1.56656
1017.52	2000.48	-1.56656
1016.44	2000.49	-1.56656
1015.35	2000.49	-1.56656
1014.26	2000.49	-1.56656
1013.17	2000.5	-1.56656
1012.08	2000.5	-1.56656
1011	2000.51	-1.56656
1009.91	2000.51	-1.56656
1008.82	2000.52	-1.56656
1007.73	2000.52	-1.56656
1006.64	2000.53	-1.56656
1005.56	2000.53	-1.56656
1004.47	2000.54	-1.56656
1003.38	2000.54	-1.56656
1002.29	2000.54	-1.56656
1001.2	2000.55	-1.56656
1000.12	2000.55	-1.56656
999.027	2000.56	-1.56656
997.939	2000.56	-1.56656
996.851	2000.57	-1.56656
995.763	2000.57	-1.56656
994.675	2000.58	-1.56656
993.586	2000.58	-1.56656
992.498	2000.59	-1.56656
991.41	2000.59	-1.56656
990.322	2000.6	-1.56656
989.234	2000.6	-1.56656
988.146	2000.6	-1.56656
987.058	2000.61	-1.56656
985.97	2000.61	-1.56656
984.882	2000.62	-1.56656
983.794	2000.62	-1.56656
982.706	2000.63	-1.56656
981.617	2000.63	-1.56656
980.529	2000.64	-1.56656
979.441	2000.64	-1.56656
978.353	2000.65	-1.56656
977.265	2000.65	-1.56656
976.177	2000.66	-1.56656
975.089	2000.66	-1.56656
974.001	2000.66	-1.56656
972.913	2000.67	-1.56656
971.825	2000.67	-1.56656
970.737	2000.68	-1.56656
969.648	2000.68	-1.56656
968.56	2000.69	-1.56656
967.472	2000.69	-1.56656
966.384	2000.7	-1.56656
965.296	2000.7	-1.56656
964.208	2000.71	-1.56656
963.12	2000.71	-1.56656
962.032	2000.72	-1.56656
960.944	2000.72	-1.56656
959.856	2000.72	-1.56656
958.767	2000.73	-1.56656
957.679	2000.73	-1.56656
956.591	2000.74	-1.56656
955.503	2000.74	-1.56656
954.415	2000.75	-1.56656
953.327	2000.75	-1.56656
952.239	2000.76	-1.56656
951.151	2000.76	-1.56656
950.063	2000.77	-1.56656
948.975	2000.77	-1.56656
947.887	2000.78	-1.56656
946.798	2000.78	-1.56656
945.71	2000.78	-1.56656
944.622	2000.79	-1.56656
943.534	2000.79	-1.56656
942.446	2000.8	-1.56656
941.358	2000.8	-1.56656
940.27	2000.81	-1.56656
939.182	2000.81	-1.56656
938.094	2000.82	-1.56656
937.006	2000.82	-1.56656
935.918	2000.83	-1.56656
934.829	2000.83	-1.56656
933.741	2000.84	-1.56656
932.653	2000.84	-1.56656
931.565	2000.84	-1.56656
930.477	2000.85	-1.56656
929.389	2000.85	-1.56656
928.301	2000.86	-1.56656
927.213	2000.86	-1.56656
926.125	2000.87	-1.56656
925.037	2000.87	-1.56656
923.948	2000.88	-1.56656
922.86	2000.88	-1.56656
921.772	2000.89	-1.56656
920.684	2000.89	-1.56656
919.596	2000.9	-1.56656
918.508	2000.9	-1.56656
917.42	2000.9	-1.56656
916.332	2000.91	-1.56656
915.244	2000.91	-1.56656
914.156	2000.92	-1.56656
913.068	2000.92	-1.56656
911.979	2000.93	-1.56656
910.891	2000.93	-1.56656
909.803	2000.94	-1.56656
908.715	2000.94	-1.56656
907.627	2000.95	-1.56656
906.539	2000.95	-1.56656
905.451	2000.96	-1.56656
904.363	2000.96	-1.56656
903.275	2000.96	-1.56656
902.187	2000.97	-1.56656
901.099	2000.97	-1.56656
900.01	2000.98	-1.56656
898.922	2000.98	-1.56656
897.834	2000.99	-1.56656
896.746	2000.99	-1.56656
895.658	2001	-1.56656
894.57	2001	-1.56656
893.482	2001.01	-1.56656
892.394	2001.01	-1.56656
891.306	2001.02	-1.56656
890.218	2001.02	-1.56656
889.129	2001.02	-1.56656
888.041	2001.03	-1.56656
886.953	2001.03	-1.56656
885.865	2001.04	-1.56656
884.777	2001.04	-1.56656
883.689	2001.05	-1.56656
882.601	2001.05	-1.56656
881.513	2001.06	-1.56656
880.425	2001.06	-1.56656
879.337	2001.07	-1.56656
878.249	2001.07	-1.56656
877.16	2001.08	-1.56656
876.072	2001.08	-1.56656
874.984	2001.08	-1.56656
873.896	2001.09	-1.56656
872.808	2001.09	-1.56656
871.72	2001.1	-1.56656
870.632	2001.1	-1.56656
869.544	2001.11	-1.56656
868.456	2001.11	-1.56656
867.368	2001.12	-1.56656
866.279	2001.12	-1.56656
865.191	2001.13	-1.56656
864.103	2001.13	-1.56656
863.015	2001.14	-1.56656
861.927	2001.14	-1.56656
860.839	2001.14	-1.56656
859.751	2001.15	-1.56656
858.663	2001.15	-1.56656
857.575	2001.16	-1.56656
856.487	2001.16	-1.56656
855.399	2001.17	-1.56656
854.31	2001.17	-1.56656
853.222	2001.18	-1.56656
852.134	2001.18	-1.56656
851.046	2001.19	-1.56656
849.958	2001.19	-1.56656
848.87	2001.2	-1.56656
847.782	2001.2	-1.56656
846.694	2001.2	-1.56656
845.606	2001.21	-1.56656
844.518	2001.21	-1.56656
843.43	2001.22	-1.56656
842.341	2001.22	-1.56656
841.253	2001.23	-1.56656
840.165	2001.23	-1.56656
839.077	2001.24	-1.56656
837.989	2001.24	-1.56656
836.901	2001.25	-1.56656
835.813	2001.25	-1.56656
834.725	2001.26	-1.56656
833.637	2001.26	-1.56656
832.549	2001.26	-1.56656
831.46	2001.27	-1.56656
830.372	2001.27	-1.56656
829.284	2001.28	-1.56656
828.196	2001.28	-1.56656
827.108	2001.29	-1.56656
826.02	2001.29	-1.56656
824.932	2001.3	-1.56656
823.844	2001.3	-1.56656
822.756	2001.31	-1.56656
821.668	2001.31	-1.56656
820.58	2001.32	-1.56656
819.491	2001.32	-1.56656
818.403	2001.32	-1.56656
817.315	2001.33	-1.56656
816.227	2001.33	-1.56656
815.139	2001.34	-1.56656
814.051	2001.34	-1.56656
812.963	2001.35	-1.56656
811.875	2001.35	-1.56656
810.787	2001.36	-1.56656
809.699	2001.36	-1.56656
808.611	2001.37	-1.56656
807.522	2001.37	-1.56656
806.434	2001.38	-1.56656
805.346	2001.38	-1.56656
804.258	2001.38	-1.56656
803.17	2001.39	-1.56656
802.082	2001.39	-1.56656
800.994	2001.4	-1.56656
799.906	2001.4	-1.56656
798.818	2001.41	-1.56656
797.73	2001.41	-1.56656
796.641	2001.42	-1.56656
795.553	2001.42	-1.56656
794.465	2001.43	-1.56656
793.377	2001.43	-1.56656
792.289	2001.43	-1.56656
791.201	2001.44	-1.56656
790.113	2001.44	-1.56656
789.025	2001.45	-1.56656
787.937	2001.45	-1.56656
786.849	2001.46	-1.56656
785.761	2001.46	-1.56656
784.672	2001.47	-1.56656
783.584	2001.47	-1.56656
782.496	2001.48	-1.56656
781.408	2001.48	-1.56656
780.32	2001.49	-1.56656
779.232	2001.49	-1.56656
778.144	2001.49	-1.56656
777.056	2001.5	-1.56656
775.968	2001.5	-1.56656
774.88	2001.51	-1.56656
773.792	2001.51	-1.56656
772.703	2001.52	-1.56656
771.615	2001.52	-1.56656
770.527	2001.53	-1.56656
769.439	2001.53	-1.56656
768.351	2001.54	-1.56656
767.263	2001.54	-1.56656
766.175	2001.55	-1.56656
765.087	2001.55	-1.56656
763.999	2001.55	-1.56656
762.911	2001.56	-1.56656
761.822	2001.56	-1.56656
760.734	2001.57	-1.56656
759.646	2001.57	-1.56656
758.558	2001.58	-1.56656
757.47	2001.58	-1.56656
756.382	2001.59	-1.56656
755.294	2001.59	-1.56656
754.206	2001.6	-1.56656
753.118	2001.6	-1.56656
752.03	2001.61	-1.56656
750.942	2001.61	-1.56656
749.853	2001.61	-1.56656
748.765	2001.62	-1.56656
747.677	2001.62	-1.56656
746.589	2001.63	-1.56656
745.501	2001.63	-1.56656
744.413	2001.64	-1.56656
743.325	2001.64	-1.56656
742.237	2001.65	-1.56656
741.149	2001.65	-1.56656
740.061	2001.66	-1.56656
738.973	2001.66	-1.56656
737.884	2001.67	-1.56656
736.796	2001.67	-1.56656
735.708	2001.67	-1.56656
734.62	2001.68	-1.56656
733.532	2001.68	-1.56656
732.444	2001.69	-1.56656
731.356	2001.69	-1.56656
730.268	2001.7	-1.56656
729.18	2001.7	-1.56656
728.092	2001.71	-1.56656
727.003	2001.71	-1.56656
725.915	2001.72	-1.56656
724.827	2001.72	-1.56656
723.739	2001.73	-1.56656
722.651	2001.73	-1.56656
721.563	2001.73	-1.56656
720.475	2001.74	-1.56656
719.387	2001.74	-1.56656
718.299	2001.75	-1.56656
717.211	2001.75	-1.56656
716.123	2001.76	-1.56656
715.034	2001.76	-1.56656
713.946	2001.77	-1.56656
712.858	2001.77	-1.56656
711.77	2001.78	-1.56656
710.682	2001.78	-1.56656
709.594	2001.79	-1.56656
708.506	2001.79	-1.56656
707.418	2001.79	-1.56656
706.33	2001.8	-1.56656
705.242	2001.8	-1.56656
704.153	2001.81	-1.56656
703.065	2001.81	-1.56656
701.977	2001.82	-1.56656
700.889	2001.82	-1.56656
699.801	2001.83	-1.56656
698.713	2001.83	-1.56656
697.625	2001.84	-1.56656
696.537	2001.84	-1.56656
695.449	2001.85	-1.56656
694.361	2001.85	-1.56656
693.273	2001.85	-1.56656
692.184	2001.86	-1.56656
691.096	2001.86	-1.56656
690.008	2001.87	-1.56656
688.92	2001.87	-1.56656
687.832	2001.88	-1.56656
686.744	2001.88	-1.56656
685.656	2001.89	-1.56656
684.568	2001.89	-1.56656
683.48	2001.9	-1.56656
682.392	2001.9	-1.56656
681.304	2001.91	-1.56656
680.215	2001.91	-1.56656
679.127	2001.91	-1.56656
678.039	2001.92	-1.56656
676.951	2001.92	-1.56656
675.863	2001.93	-1.56656
674.775	2001.93	-1.56656
673.687	2001.94	-1.56656
672.599	2001.94	-1.56656
671.511	2001.95	-1.56656
670.423	2001.95	-1.56656
669.334	2001.96	-1.56656
668.246	2001.96	-1.56656
667.158	2001.97	-1.56656
666.07	2001.97	-1.56656
664.982	2001.97	-1.56656
663.894	2001.98	-1.56656
662.806	2001.98	-1.56656
661.718	2001.99	-1.56656
660.63	2001.99	-1.56656
659.542	2002	-1.56656
658.454	2002	-1.56656
657.365	2002.01	-1.56656
656.277	2002.01	-1.56656
655.189	2002.02	-1.56656
654.101	2002.02	-1.56656
653.013	2002.03	-1.56656
651.925	2002.03	-1.56656
650.837	2002.03	-1.56656
649.749	2002.04	-1.56656
648.661	2002.04	-1.56656
647.573	2002.05	-1.56656
646.485	2002.05	-1.56656
645.396	2002.06	-1.56656
644.308	2002.06	-1.56656
643.22	2002.07	-1.56656
642.132	2002.07	-1.56656
641.044	2002.08	-1.56656
639.956	2002.08	-1.56656
638.868	2002.09	-1.56656
637.78	2002.09	-1.56656
636.692	2002.09	-1.56656
635.604	2002.1	-1.56656
634.515	2002.1	-1.56656
633.427	2002.11	-1.56656
632.339	2002.11	-1.56656
631.251	2002.12	-1.56656
630.163	2002.12	-1.56656
629.075	2002.13	-1.56656
627.987	2002.13	-1.56656
626.899	2002.14	-1.56656
625.811	2002.14	-1.56656
624.723	2002.15	-1.56656
623.635	2002.15	-1.56656
622.546	2002.15	-1.56656
621.458	2002.16	-1.56656
620.37	2002.16	-1.56656
619.282	2002.17	-1.56656
618.194	2002.17	-1.56656
617.106	2002.18	-1.56656
616.018	2002.18	-1.56656
614.93	2002.19	-1.56656
613.842	2002.19	-1.56656
612.754	2002.2	-1.56656
611.666	2002.2	-1.56656
610.577	2002.21	-1.56656
609.489	2002.21	-1.56656
608.401	2002.21	-1.56656
607.313	2002.22	-1.56656
606.225	2002.22	-1.56656
605.137	2002.23	-1.56656
604.049	2002.23	-1.56656
602.961	2002.24	-1.56656
601.873	2002.24	-1.56656
600.785	2002.25	-1.56656
599.696	2002.25	-1.56656
598.608	2002.26	-1.56656
597.52	2002.26	-1.56656
596.432	2002.26	-1.56656
595.344	2002.27	-1.56656
594.256	2002.27	-1.56656
593.168	2002.28	-1.56656
592.08	2002.28	-1.56656
590.992	2002.29	-1.56656
589.904	2002.29	-1.56656
588.816	2002.3	-1.56656
587.727	2002.3	-1.56656
586.639	2002.31	-1.56656
585.551	2002.31	-1.56656
584.463	2002.32	-1.56656
583.375	2002.32	-1.56656
582.287	2002.32	-1.56656
581.199	2002.33	-1.56656
580.111	2002.33	-1.56656
579.023	2002.34	-1.56656
577.935	2002.34	-1.56656
576.847	2002.35	-1.56656
575.758	2002.35	-1.56656
574.67	2002.36	-1.56656
573.582	2002.36	-1.56656
572.494	2002.37	-1.56656
571.406	2002.37	-1.56656
570.318	2002.38	-1.56656
569.23	2002.38	-1.56656
568.142	2002.38	-1.56656
567.054	2002.39	-1.56656
565.966	2002.39	-1.56656
564.877	2002.4	-1.56656
563.789	2002.4	-1.56656
562.701	2002.41	-1.56656
561.613	2002.41	-1.56656
560.525	2002.42	-1.56656
559.437	2002.42	-1.56656
558.349	2002.43	-1.56656
557.261	2002.43	-1.56656
556.173	2002.44	-1.56656
555.085	2002.44	-1.56656
553.997	2002.44	-1.56656
552.908	2002.45	-1.56656
551.82	2002.45	-1.56656
550.732	2002.46	-1.56656
549.644	2002.46	-1.56656
548.556	2002.47	-1.56656
547.468	2002.47	-1.56656
546.38	2002.48	-1.56656
545.292	2002.48	-1.56656
544.204	2002.49	-1.56656
543.116	2002.49	-1.56656
542.041	2002.5	-1.56656
540.98	2002.5	-1.56656
539.933	2002.5	-1.56656
538.899	2002.51	-1.56656
537.879	2002.51	-1.56656
536.873	2002.52	-1.56656
535.88	2002.52	-1.56656
534.9	2002.53	-1.56656
533.935	2002.53	-1.56656
532.983	2002.53	-1.56656
532.044	2002.54	-1.56656
531.119	2002.54	-1.56656
530.208	2002.55	-1.56656
529.31	2002.55	-1.56656
528.426	2002.55	-1.56656
527.556	2002.56	-1.56656
526.699	2002.56	-1.56656
525.856	2002.56	-1.56656
525.026	2002.57	-1.56656
524.21	2002.57	-1.56656
523.407	2002.57	-1.56656
522.619	2002.58	-1.56656
521.843	2002.58	-1.56656
521.082	2002.58	-1.56656
520.334	2002.59	-1.56656
519.599	2002.59	-1.56656
518.878	2002.59	-1.56656
518.171	2002.6	-1.56656
517.477	2002.6	-1.56656
516.797	2002.6	-1.56656
516.131	2002.61	-1.56656
515.478	2002.61	-1.56656
514.839	2002.61	-1.56656
514.213	2002.61	-1.56656
513.601	2002.62	-1.56656
513.003	2002.62	-1.56656
512.418	2002.62	-1.56656
511.846	2002.62	-1.56656
511.289	2002.63	-1.56656
510.745	2002.63	-1.56656
510.214	2002.63	-1.56656
509.698	2002.63	-1.56656
509.194	2002.63	-1.56656
508.705	2002.64	-1.56656
508.229	2002.64	-1.56656
507.766	2002.64	-1.56656
507.317	2002.64	-1.56656
506.882	2002.64	-1.56656
506.46	2002.65	-1.56656
506.052	2002.65	-1.56656
505.658	2002.65	-1.56656
505.277	2002.65	-1.56656
504.91	2002.65	-1.56656
504.556	2002.65	-1.56656
504.216	2002.66	-1.56656
503.89	2002.66	-1.56656
503.577	2002.66	-1.56656
503.278	2002.66	-1.56656
502.992	2002.66	-1.56656
502.72	2002.66	-1.56656
502.462	2002.66	-1.56656
502.217	2002.66	-1.56656
501.986	2002.67	-1.56656
501.768	2002.67	-1.56656
501.564	2002.67	-1.56656
501.374	2002.67	-1.56656
501.197	2002.67	-1.56656
501.034	2002.67	-1.56656
500.884	2002.67	-1.56656
500.748	2002.67	-1.56656
500.626	2002.67	-1.56656
500.517	2002.67	-1.56656
500.422	2002.67	-1.56656
500.34	2002.67	-1.56656
500.272	2002.67	-1.56656
500.217	2002.67	-1.56656
500.177	2002.67	-1.56656
500.149	2002.67	-1.56656
500.136	2002.67	-1.56656
500.136	2002.67	-1.56656
500.149	2002.67	-1.56656
500.149	2002.67	-1.56687
500.149	2002.67	-1.56734
500.149	2002.67	-1.56796
500.149	2002.67	-1.56873
500.149	2002.67	-1.56967
500.149	2002.67	-1.57076
500.149	2002.67	-1.572
500.149	2002.67	-1.5734
500.149	2002.67	-1.57495
500.149	2002.67	-1.57666
500.149	2002.67	-1.57853
500.149	2002.67	-1.58055
500.149	2002.67	-1.58272
500.149	2002.67	-1.58506
500.149	2002.67	-1.58754
500.149	2002.67	-1.59019
500.149	2002.67	-1.59298
500.149	2002.67	-1.59594
500.149	2002.67	-1.59905
500.149	2002.67	-1.60231
500.149	2002.67	-1.60573
500.149	2002.67	-1.60931
500.149	2002.67	-1.61304
500.149	2002.67	-1.61692
500.149	2002.67	-1.62096
500.149	2002.67	-1.62516
500.149	2002.67	-1.62951
500.149	2002.67	-1.63402
500.149	2002.67	-1.63868
500.149	2002.67	-1.6435
500.149	2002.67	-1.64848
500.149	2002.67	-1.65361
500.149	2002.67	-1.65889
500.149	2002.67	-1.66433
500.149	2002.67	-1.66993
500.149	2002.67	-1.67568
500.149	2002.67	-1.68159
500.149	2002.67	-1.68765
500.149	2002.67	-1.69387
500.149	2002.67	-1.70024
500.149	2002.67	-1.70677
500.149	2002.67	-1.71345
500.149	2002.67	-1.72029
500.149	2002.67	-1.72729
500.149	2002.67	-1.73444
500.149	2002.67	-1.74174
500.149	2002.67	-1.7492
500.149	2002.67	-1.75682
500.149	2002.67	-1.76459
500.149	2002.67	-1.77252
500.149	2002.67	-1.7806
500.149	2002.67	-1.78884
500.149	2002.67	-1.79724
500.149	2002.67	-1.80579
500.149	2002.67	-1.81449
500.149	2002.67	-1.82335
500.149	2002.67	-1.83237
500.149	2002.67	-1.84154
500.149	2002.67	-1.85086
500.149	2002.67	-1.86035
500.149	2002.67	-1.86998
500.149	2002.67	-1.87978
500.149	2002.67	-1.88973
500.149	2002.67	-1.89983
500.149	2002.67	-1.91009
500.149	2002.67	-1.9205
500.149	2002.67	-1.93107
500.149	2002.67	-1.9418
500.149	2002.67	-1.95268
500.149	2002.67	-1.96372
500.149	2002.67	-1.97491
500.149	2002.67	-1.98626
500.149	2002.67	-1.99776
500.149	2002.67	-2.00942
500.149	2002.67	-2.02123
500.149	2002.67	-2.0332
500.149	2002.67	-2.04532
500.149	2002.67	-2.0576
500.149	2002.67	-2.07004
500.149	2002.67	-2.08248
500.149	2002.67	-2.09491
500.149	2002.67	-2.10735
500.149	2002.67	-2.11978
500.149	2002.67	-2.13222
500.149	2002.67	-2.14465
500.149	2002.67	-2.15709
500.149	2002.67	-2.16952
500.149	2002.67	-2.18196
500.149	2002.67	-2.19439
500.149	2002.67	-2.20683
500.149	2002.67	-2.21927
500.149	2002.67	-2.2317
500.149	2002.67	-2.24414
500.149	2002.67	-2.25657
500.149	2002.67	-2.26901
500.149	2002.67	-2.28144
500.149	2002.67	-2.29388
500.149	2002.67	-2.30631
500.149	2002.67	-2.31875
500.149	2002.67	-2.33118
500.149	2002.67	-2.34362
500.149	2002.67	-2.35606
500.149	2002.67	-2.36849
500.149	2002.67	-2.38093
500.149	2002.67	-2.39336
500.149	2002.67	-2.4058
500.149	2002.67	-2.41823
500.149	2002.67	-2.43067
500.149	2002.67	-2.4431
500.149	2002.67	-2.45554
500.149	2002.67	-2.46797
500.149	2002.67	-2.48041
500.149	2002.67	-2.49285
500.149	2002.67	-2.50528
500.149	2002.67	-2.51772
500.149	2002.67	-2.53015
500.149	2002.67	-2.54259
500.149	2002.67	-2.55502
500.149	2002.67	-2.56746
500.149	2002.67	-2.57989
500.149	2002.67	-2.59233
500.149	2002.67	-2.60476
500.149	2002.67	-2.6172
500.149	2002.67	-2.62964
500.149	2002.67	-2.64207
500.149	2002.67	-2.65451
500.149	2002.67	-2.66679
500.149	2002.67	-2.67891
500.149	2002.67	-2.69088
500.149	2002.67	-2.70269
500.149	2002.67	-2.71435
500.149	2002.67	-2.72586
500.149	2002.67	-2.7372
500.149	2002.67	-2.74839
500.149	2002.67	-2.75943
500.149	2002.67	-2.77031
500.149	2002.67	-2.78104
500.149	2002.67	-2.79161
500.149	2002.67	-2.80202
500.149	2002.67	-2.81228
500.149	2002.67	-2.82239
500.149	2002.67	-2.83233
500.149	2002.67	-2.84213
500.149	2002.67	-2.85176
500.149	2002.67	-2.86125
500.149	2002.67	-2.87057
500.149	2002.67	-2.87974
500.149	2002.67	-2.88876
500.149	2002.67	-2.89762
500.149	2002.67	-2.90632
500.149	2002.67	-2.91487
500.149	2002.67	-2.92327
500.149	2002.67	-2.93151
500.149	2002.67	-2.93959
500.149	2002.67	-2.94752
500.149	2002.67	-2.95529
500.149	2002.67	-2.96291
500.149	2002.67	-2.97037
500.149	2002.67	-2.97767
500.149	2002.67	-2.98482
500.149	2002.67	-2.99182
500.149	2002.67	-2.99866
500.149	2002.67	-3.00534
500.149	2002.67	-3.01187
500.149	2002.67	-3.01824
500.149	2002.67	-3.02446
500.149	2002.67	-3.03052
500.149	2002.67	-3.03643
500.149	2002.67	-3.04218
500.149	2002.67	-3.04778
500.149	2002.67	-3.05322
500.149	2002.67	-3.0585
500.149	2002.67	-3.06363
500.149	2002.67	-3.06861
500.149	2002.67	-3.07343
500.149	2002.67	-3.07809
500.149	2002.67	-3.0826
500.149	2002.67	-3.08695
500.149	2002.67	-3.09115
500.149	2002.67	-3.09519
500.149	2002.67	-3.09907
500.149	2002.67	-3.10281
500.149	2002.67	-3.10638
500.149	2002.67	-3.1098
500.149	2002.67	-3.11306
500.149	2002.67	-3.11617
500.149	2002.67	-3.11913
500.149	2002.67	-3.12192
500.149	2002.67	-3.12457
500.149	2002.67	-3.12705
500.149	2002.67	-3.12939
500.149	2002.67	-3.13156
500.149	2002.67	-3.13358
500.149	2002.67	-3.13545
500.149	2002.67	-3.13716
500.149	2002.67	-3.13871
500.149	2002.67	-3.14011
500.149	2002.67	-3.14136
500.149	2002.65	-3.14136
500.149	2002.61	-3.14136
500.149	2002.55	-3.14136
500.149	2002.48	-3.14136
500.149	2002.4	-3.14136
500.149	2002.31	-3.14136
500.149	2002.2	-3.14136
500.149	2002.07	-3.14136
500.149	2001.94	-3.14136
500.149	2001.79	-3.14136
500.149	2001.63	-3.14136
500.149	2001.45	-3.14136
500.149	2001.26	-3.14136
500.149	2001.05	-3.14136
500.149	2000.84	-3.14136
500.149	2000.61	-3.14136
500.149	2000.36	-3.14136
500.149	2000.1	-3.14136
500.149	1999.83	-3.14136
500.149	1999.54	-3.14136
500.149	1999.25	-3.14136
500.149	1998.93	-3.14136
500.149	1998.61	-3.14136
500.148	1998.27	-3.14136
500.148	1997.91	-3.14136
500.148	1997.55	-3.14136
500.148	1997.16	-3.14136
500.148	1996.77	-3.14136
500.148	1996.36	-3.14136
500.148	1995.94	-3.14136
500.148	1995.51	-3.14136
500.148	1995.06	-3.14136
500.148	1994.59	-3.14136
500.147	1994.12	-3.14136
500.147	1993.63	-3.14136
500.147	1993.12	-3.14136
500.147	1992.61	-3.14136
500.147	1992.08	-3.14136
500.147	1991.53	-3.14136
500.147	1990.98	-3.14136
500.147	1990.4	-3.14136
500.146	1989.82	-3.14136
500.146	1989.22	-3.14136
500.146	1988.61	-3.14136
500.146	1987.98	-3.14136
500.146	1987.34	-3.14136
500.146	1986.69	-3.14136
500.146	1986.03	-3.14136
500.145	1985.34	-3.14136
500.145	1984.65	-3.14136
500.145	1983.94	-3.14136
500.145	1983.22	-3.14136
500.145	1982.49	-3.14136
500.145	1981.74	-3.14136
500.144	1980.98	-3.14136
500.144	1980.2	-3.14136
500.144	1979.41	-3.14136
500.144	1978.61	-3.14136
500.144	1977.8	-3.14136
500.143	1976.97	-3.14136
500.143	1976.12	-3.14136
500.143	1975.27	-3.14136
500.143	1974.4	-3.14136
500.143	1973.51	-3.14136
500.142	1972.61	-3.14136
500.142	1971.7	-3.14136
500.142	1970.78	-3.14136
500.142	1969.84	-3.14136
500.141	1968.89	-3.14136
500.141	1967.92	-3.14136
500.141	1966.94	-3.14136
500.141	1965.95	-3.14136
500.141	1964.94	-3.14136
500.14	1963.92	-3.14136
500.14	1962.89	-3.14136
500.14	1961.84	-3.14136
500.14	1960.78	-3.14136
500.139	1959.71	-3.14136
500.139	1958.62	-3.14136
500.139	1957.53	-3.14136
500.139	1956.44	-3.14136
500.138	1955.35	-3.14136
500.138	1954.27	-3.14136
500.138	1953.18	-3.14136
500.137	1952.09	-3.14136
500.137	1951	-3.14136
500.137	1949.91	-3.14136
500.137	1948.83	-3.14136
500.136	1947.74	-3.14136
500.136	1946.65	-3.14136
500.136	1945.56	-3.14136
500.136	1944.47	-3.14136
500.135	1943.38	-3.14136
500.135	1942.3	-3.14136
500.135	1941.21	-3.14136
500.135	1940.12	-3.14136
500.134	1939.03	-3.14136
500.134	1937.94	-3.14136
500.134	1936.86	-3.14136
500.134	1935.77	-3.14136
500.133	1934.68	-3.14136
500.133	1933.59	-3.14136
500.133	1932.5	-3.14136
500.133	1931.42	-3.14136
500.132	1930.33	-3.14136
500.132	1929.24	-3.14136
500.132	1928.15	-3.14136
500.132	1927.06	-3.14136
500.131	1925.98	-3.14136
500.131	1924.89	-3.14136
500.131	1923.8	-3.14136
500.131	1922.71	-3.14136
500.13	1921.62	-3.14136
500.13	1920.53	-3.14136
500.13	1919.45	-3.14136
500.129	1918.36	-3.14136
500.129	1917.27	-3.14136
500.129	1916.18	-3.14136
500.129	1915.09	-3.14136
500.128	1914.01	-3.14136
500.128	1912.92	-3.14136
500.128	1911.83	-3.14136
500.128	1910.74	-3.14136
500.127	1909.65	-3.14136
500.127	1908.57	-3.14136
500.127	1907.48	-3.14136
500.127	1906.39	-3.14136
500.126	1905.3	-3.14136
500.126	1904.21	-3.14136
500.126	1903.13	-3.14136
500.126	1902.04	-3.14136
500.125	1900.95	-3.14136
500.125	1899.86	-3.14136
500.125	1898.77	-3.14136
500.125	1897.68	-3.14136
500.124	1896.6	-3.14136
500.124	1895.51	-3.14136
500.124	1894.42	-3.14136
500.124	1893.33	-3.14136
500.123	1892.24	-3.14136
500.123	1891.16	-3.14136
500.123	1890.07	-3.14136
500.123	1888.98	-3.14136
500.122	1887.89	-3.14136
500.122	1886.8	-3.14136
500.122	1885.72	-3.14136
500.121	1884.63	-3.14136
500.121	1883.54	-3.14136
500.121	1882.45	-3.14136
500.121	1881.36	-3.14136
500.12	1880.27	-3.14136
500.12	1879.19	-3.14136
500.12	1878.1	-3.14136
500.12	1877.01	-3.14136
500.119	1875.92	-3.14136
500.119	1874.83	-3.14136
500.119	1873.75	-3.14136
500.119	1872.66	-3.14136
500.118	1871.57	-3.14136
500.118	1870.48	-3.14136
500.118	1869.39	-3.14136
500.118	1868.31	-3.14136
500.117	1867.22	-3.14136
500.117	1866.13	-3.14136
500.117	1865.04	-3.14136
500.117	1863.95	-3.14136
500.116	1862.87	-3.14136
500.116	1861.78	-3.14136
500.116	1860.69	-3.14136
500.116	1859.6	-3.14136
500.115	1858.51	-3.14136
500.115	1857.42	-3.14136
500.115	1856.34	-3.14136
500.115	1855.25	-3.14136
500.114	1854.16	-3.14136
500.114	1853.07	-3.14136
500.114	1851.98	-3.14136
500.113	1850.9	-3.14136
500.113	1849.81	-3.14136
500.113	1848.72	-3.14136
500.113	1847.63	-3.14136
500.112	1846.54	-3.14136
500.112	1845.46	-3.14136
500.112	1844.37	-3.14136
500.112	1843.28	-3.14136
500.111	1842.19	-3.14136
500.111	1841.1	-3.14136
500.111	1840.02	-3.14136
500.111	1838.93	-3.14136
500.11	1837.84	-3.14136
500.11	1836.75	-3.14136
500.11	1835.66	-3.14136
500.11	1834.57	-3.14136
500.109	1833.49	-3.14136
500.109	1832.4	-3.14136
500.109	1831.31	-3.14136
500.109	1830.22	-3.14136
500.108	1829.13	-3.14136
500.108	1828.05	-3.14136
500.108	1826.96	-3.14136
500.108	1825.87	-3.14136
500.107	1824.78	-3.14136
500.107	1823.69	-3.14136
500.107	1822.61	-3.14136
500.107	1821.52	-3.14136
500.106	1820.43	-3.14136
500.106	1819.34	-3.14136
500.106	1818.25	-3.14136
500.105	1817.16	-3.14136
500.105	1816.08	-3.14136
500.105	1814.99	-3.14136
500.105	1813.9	-3.14136
500.104	1812.81	-3.14136
500.104	1811.72	-3.14136
500.104	1810.64	-3.14136
500.104	1809.55	-3.14136
500.103	1808.46	-3.14136
500.103	1807.37	-3.14136
500.103	1806.28	-3.14136
500.103	1805.2	-3.14136
500.102	1804.11	-3.14136
500.102	1803.02	-3.14136
500.102	1801.93	-3.14136
500.102	1800.84	-3.14136
500.101	1799.76	-3.14136
500.101	1798.67	-3.14136
500.101	1797.58	-3.14136
500.101	1796.49	-3.14136
500.1	1795.4	-3.14136
500.1	1794.31	-3.14136
500.1	1793.23	-3.14136
500.1	1792.14	-3.14136
500.099	1791.05	-3.14136
500.099	1789.96	-3.14136
500.099	1788.87	-3.14136
500.099	1787.79	-3.14136
500.098	1786.7	-3.14136
500.098	1785.61	-3.14136
500.098	1784.52	-3.14136
500.097	1783.43	-3.14136
500.097	1782.35	-3.14136
500.097	1781.26	-3.14136
500.097	1780.17	-3.14136
500.096	1779.08	-3.14136
500.096	1777.99	-3.14136
500.096	1776.91	-3.14136
500.096	1775.82	-3.14136
500.095	1774.73	-3.14136
500.095	1773.64	-3.14136
500.095	1772.55	-3.14136
500.095	1771.46	-3.14136
500.094	1770.38	-3.14136
500.094	1769.29	-3.14136
500.094	1768.2	-3.14136
500.094	1767.11	-3.14136
500.093	1766.02	-3.14136
500.093	1764.94	-3.14136
500.093	1763.85	-3.14136
500.093	1762.76	-3.14136
500.092	1761.67	-3.14136
500.092	1760.58	-3.14136
500.092	1759.5	-3.14136
500.092	1758.41	-3.14136
500.091	1757.32	-3.14136
500.091	1756.23	-3.14136
500.091	1755.14	-3.14136
500.091	1754.05	-3.14136
500.09	1752.97	-3.14136
500.09	1751.88	-3.14136
500.09	1750.79	-3.14136
500.089	1749.7	-3.14136
500.089	1748.61	-3.14136
500.089	1747.53	-3.14136
500.089	1746.44	-3.14136
500.088	1745.35	-3.14136
500.088	1744.26	-3.14136
500.088	1743.17	-3.14136
500.088	1742.09	-3.14136
500.087	1741	-3.14136
500.087	1739.91	-3.14136
500.087	1738.82	-3.14136
500.087	1737.73	-3.14136
500.086	1736.65	-3.14136
500.086	1735.56	-3.14136
500.086	1734.47	-3.14136
500.086	1733.38	-3.14136
500.085	1732.29	-3.14136
500.085	1731.2	-3.14136
500.085	1730.12	-3.14136
500.085	1729.03	-3.14136
500.084	1727.94	-3.14136
500.084	1726.85	-3.14136
500.084	1725.76	-3.14136
500.084	1724.68	-3.14136
500.083	1723.59	-3.14136
500.083	1722.5	-3.14136
500.083	1721.41	-3.14136
500.082	1720.32	-3.14136
500.082	1719.24	-3.14136
500.082	1718.15	-3.14136
500.082	1717.06	-3.14136
500.081	1715.97	-3.14136
500.081	1714.88	-3.14136
500.081	1713.8	-3.14136
500.081	1712.71	-3.14136
500.08	1711.62	-3.14136
500.08	1710.53	-3.14136
500.08	1709.44	-3.14136
500.08	1708.35	-3.14136
500.079	1707.27	-3.14136
500.079	1706.18	-3.14136
500.079	1705.09	-3.14136
500.079	1704	-3.14136
500.078	1702.91	-3.14136
500.078	1701.83	-3.14136
500.078	1700.74	-3.14136
500.078	1699.65	-3.14136
500.077	1698.56	-3.14136
500.077	1697.47	-3.14136
500.077	1696.39	-3.14136
500.077	1695.3	-3.14136
500.076	1694.21	-3.14136
500.076	1693.12	-3.14136
500.076	1692.03	-3.14136
500.076	1690.94	-3.14136
500.075	1689.86	-3.14136
500.075	1688.77	-3.14136
500.075	1687.68	-3.14136
500.074	1686.59	-3.14136
500.074	1685.5	-3.14136
500.074	1684.42	-3.14136
500.074	1683.33	-3.14136
500.073	1682.24	-3.14136
500.073	1681.15	-3.14136
500.073	1680.06	-3.14136
500.073	1678.98	-3.14136
500.072	1677.89	-3.14136
500.072	1676.8	-3.14136
500.072	1675.71	-3.14136
500.072	1674.62	-3.14136
500.071	1673.54	-3.14136
500.071	1672.45	-3.14136
500.071	1671.36	-3.14136
500.071	1670.27	-3.14136
500.07	1669.18	-3.14136
500.07	1668.09	-3.14136
500.07	1667.01	-3.14136
500.07	1665.92	-3.14136
500.069	1664.83	-3.14136
500.069	1663.74	-3.14136
500.069	1662.65	-3.14136
500.069	1661.57	-3.14136
500.068	1660.48	-3.14136
500.068	1659.39	-3.14136
500.068	1658.3	-3.14136
500.068	1657.21	-3.14136
500.067	1656.13	-3.14136
500.067	1655.04	-3.14136
500.067	1653.95	-3.14136
500.066	1652.86	-3.14136
500.066	1651.77	-3.14136
500.066	1650.69	-3.14136
500.066	1649.6	-3.14136
500.065	1648.51	-3.14136
500.065	1647.42	-3.14136
500.065	1646.33	-3.14136
500.065	1645.24	-3.14136
500.064	1644.16	-3.14136
500.064	1643.07	-3.14136
500.064	1641.98	-3.14136
500.064	1640.89	-3.14136
500.063	1639.8	-3.14136
500.063	1638.72	-3.14136
500.063	1637.63	-3.14136
500.063	1636.54	-3.14136
500.062	1635.45	-3.14136
500.062	1634.36	-3.14136
500.062	1633.28	-3.14136
500.062	1632.19	-3.14136
500.061	1631.1	-3.14136
500.061	1630.01	-3.14136
500.061	1628.92	-3.14136
500.061	1627.83	-3.14136
500.06	1626.75	-3.14136
500.06	1625.66	-3.14136
500.06	1624.57	-3.14136
500.06	1623.48	-3.14136
500.059	1622.39	-3.14136
500.059	1621.31	-3.14136
500.059	1620.22	-3.14136
500.058	1619.13	-3.14136
500.058	1618.04	-3.14136
500.058	1616.95	-3.14136
500.058	1615.87	-3.14136
500.057	1614.78	-3.14136
500.057	1613.69	-3.14136
500.057	1612.6	-3.14136
500.057	1611.51	-3.14136
500.056	1610.43	-3.14136
500.056	1609.34	-3.14136
500.056	1608.25	-3.14136
500.056	1607.16	-3.14136
500.055	1606.07	-3.14136
500.055	1604.98	-3.14136
500.055	1603.9	-3.14136
500.055	1602.81	-3.14136
500.054	1601.72	-3.14136
500.054	1600.63	-3.14136
500.054	1599.54	-3.14136
500.054	1598.46	-3.14136
500.053	1597.37	-3.14136
500.053	1596.28	-3.14136
500.053	1595.19	-3.14136
500.053	1594.1	-3.14136
500.052	1593.02	-3.14136
500.052	1591.93	-3.14136
500.052	1590.84	-3.14136
500.052	1589.75	-3.14136
500.051	1588.66	-3.14136
500.051	1587.58	-3.14136
500.051	1586.49	-3.14136
500.05	1585.4	-3.14136
500.05	1584.31	-3.14136
500.05	1583.22	-3.14136
500.05	1582.13	-3.14136
500.049	1581.05	-3.14136
500.049	1579.96	-3.14136
500.049	1578.87	-3.14136
500.049	1577.78	-3.14136
500.048	1576.69	-3.14136
500.048	1575.61	-3.14136
500.048	1574.52	-3.14136
500.048	1573.43	-3.14136
500.047	1572.34	-3.14136
500.047	1571.25	-3.14136
500.047	1570.17	-3.14136
500.047	1569.08	-3.14136
500.046	1567.99	-3.14136
500.046	1566.9	-3.14136
500.046	1565.81	-3.14136
500.046	1564.72	-3.14136
500.045	1563.64	-3.14136
500.045	1562.55	-3.14136
500.045	1561.46	-3.14136
500.045	1560.37	-3.14136
500.044	1559.28	-3.14136
500.044	1558.2	-3.14136
500.044	1557.11	-3.14136
500.044	1556.02	-3.14136
500.043	1554.93	-3.14136
500.043	1553.84	-3.14136
500.043	1552.76	-3.14136
500.042	1551.67	-3.14136
500.042	1550.58	-3.14136
500.042	1549.49	-3.14136
500.042	1548.4	-3.14136
500.041	1547.32	-3.14136
500.041	1546.23	-3.14136
500.041	1545.14	-3.14136
500.041	1544.05	-3.14136
500.04	1542.96	-3.14136
500.04	1541.87	-3.14136
500.04	1540.79	-3.14136
500.04	1539.7	-3.14136
500.039	1538.61	-3.14136
500.039	1537.52	-3.14136
500.039	1536.43	-3.14136
500.039	1535.35	-3.14136
500.038	1534.26	-3.14136
500.038	1533.17	-3.14136
500.038	1532.08	-3.14136
500.038	1530.99	-3.14136
500.037	1529.91	-3.14136
500.037	1528.82	-3.14136
500.037	1527.73	-3.14136
500.037	1526.64	-3.14136
500.036	1525.55	-3.14136
500.036	1524.47	-3.14136
500.036	1523.38	-3.14136
500.036	1522.29	-3.14136
500.035	1521.2	-3.14136
500.035	1520.11	-3.14136
500.035	1519.02	-3.14136
500.034	1517.94	-3.14136
500.034	1516.85	-3.14136
500.034	1515.76	-3.14136
500.034	1514.67	-3.14136
500.033	1513.58	-3.14136
500.033	1512.5	-3.14136
500.033	1511.41	-3.14136
500.033	1510.32	-3.14136
500.032	1509.23	-3.14136
500.032	1508.14	-3.14136
500.032	1507.06	-3.14136
500.032	1505.97	-3.14136
500.031	1504.88	-3.14136
500.031	1503.79	-3.14136
500.031	1502.7	-3.14136
500.031	1501.61	-3.14136
500.03	1500.53	-3.14136
500.03	1499.44	-3.14136
500.03	1498.35	-3.14136
500.03	1497.26	-3.14136
500.029	1496.17	-3.14136
500.029	1495.09	-3.14136
500.029	1494	-3.14136
500.029	1492.91	-3.14136
500.028	1491.82	-3.14136
500.028	1490.73	-3.14136
500.028	1489.65	-3.14136
500.028	1488.56	-3.14136
500.027	1487.47	-3.14136
500.027	1486.38	-3.14136
500.027	1485.29	-3.14136
500.026	1484.21	-3.14136
500.026	1483.12	-3.14136
500.026	1482.03	-3.14136
500.026	1480.94	-3.14136
500.025	1479.85	-3.14136
500.025	1478.76	-3.14136
500.025	1477.68	-3.14136
500.025	1476.59	-3.14136
500.024	1475.5	-3.14136
500.024	1474.41	-3.14136
500.024	1473.32	-3.14136
500.024	1472.24	-3.14136
500.023	1471.15	-3.14136
500.023	1470.06	-3.14136
500.023	1468.97	-3.14136
500.023	1467.88	-3.14136
500.022	1466.8	-3.14136
500.022	1465.71	-3.14136
500.022	1464.62	-3.14136
500.022	1463.53	-3.14136
500.021	1462.44	-3.14136
500.021	1461.36	-3.14136
500.021	1460.27	-3.14136
500.021	1459.18	-3.14136
500.02	1458.09	-3.14136
500.02	1457	-3.14136
500.02	1455.91	-3.14136
500.02	1454.83	-3.14136
500.019	1453.74	-3.14136
500.019	1452.65	-3.14136
500.019	1451.56	-3.14136
500.018	1450.47	-3.14136
500.018	1449.39	-3.14136
500.018	1448.3	-3.14136
500.018	1447.21	-3.14136
500.017	1446.12	-3.14136
500.017	1445.03	-3.14136
500.017	1443.95	-3.14136
500.017	1442.86	-3.14136
500.016	1441.77	-3.14136
500.016	1440.68	-3.14136
500.016	1439.59	-3.14136
500.016	1438.5	-3.14136
500.015	1437.42	-3.14136
500.015	1436.33	-3.14136
500.015	1435.24	-3.14136
500.015	1434.15	-3.14136
500.014	1433.06	-3.14136
500.014	1431.98	-3.14136
500.014	1430.89	-3.14136
500.014	1429.8	-3.14136
500.013	1428.71	-3.14136
500.013	1427.62	-3.14136
500.013	1426.54	-3.14136
500.013	1425.45	-3.14136
500.012	1424.36	-3.14136
500.012	1423.27	-3.14136
500.012	1422.18	-3.14136
500.012	1421.1	-3.14136
500.011	1420.01	-3.14136
500.011	1418.92	-3.14136
500.011	1417.83	-3.14136
500.01	1416.74	-3.14136
500.01	1415.65	-3.14136
500.01	1414.57	-3.14136
500.01	1413.48	-3.14136
500.009	1412.39	-3.14136
500.009	1411.3	-3.14136
500.009	1410.21	-3.14136
500.009	1409.13	-3.14136
500.008	1408.04	-3.14136
500.008	1406.95	-3.14136
500.008	1405.86	-3.14136
500.008	1404.77	-3.14136
500.007	1403.69	-3.14136
500.007	1402.6	-3.14136
500.007	1401.51	-3.14136
500.007	1400.42	-3.14136
500.006	1399.33	-3.14136
500.006	1398.25	-3.14136
500.006	1397.16	-3.14136
500.006	1396.07	-3.14136
500.005	1394.98	-3.14136
500.005	1393.89	-3.14136
500.005	1392.8	-3.14136
500.005	1391.72	-3.14136
500.004	1390.63	-3.14136
500.004	1389.54	-3.14136
500.004	1388.45	-3.14136
500.004	1387.36	-3.14136
500.003	1386.28	-3.14136
500.003	1385.19	-3.14136
500.003	1384.1	-3.14136
500.002	1383.01	-3.14136
500.002	1381.92	-3.14136
500.002	1380.84	-3.14136
500.002	1379.75	-3.14136
500.001	1378.66	-3.14136
500.001	1377.57	-3.14136
500.001	1376.48	-3.14136
500.001	1375.39	-3.14136
500	1374.31	-3.14136
500	1373.22	-3.14136
500	1372.13	-3.14136
500	1371.04	-3.14136
499.999	1369.95	-3.14136
499.999	1368.87	-3.14136
499.999	1367.78	-3.14136
499.999	1366.69	-3.14136
499.998	1365.6	-3.14136
499.998	1364.51	-3.14136
499.998	1363.43	-3.14136
499.998	1362.34	-3.14136
499.997	1361.25	-3.14136
499.997	1360.16	-3.14136
499.997	1359.07	-3.14136
499.997	1357.99	-3.14136
499.996	1356.9	-3.14136
499.996	1355.81	-3.14136
499.996	1354.72	-3.14136
499.995	1353.63	-3.14136
499.995	1352.54	-3.14136
499.995	1351.46	-3.14136
499.995	1350.37	-3.14136
499.994	1349.28	-3.14136
499.994	1348.19	-3.14136
499.994	1347.1	-3.14136
499.994	1346.02	-3.14136
499.993	1344.93	-3.14136
499.993	1343.84	-3.14136
499.993	1342.75	-3.14136
499.993	1341.66	-3.14136
499.992	1340.58	-3.14136
499.992	1339.49	-3.14136
499.992	1338.4	-3.14136
499.992	1337.31	-3.14136
499.991	1336.22	-3.14136
499.991	1335.14	-3.14136
499.991	1334.05	-3.14136
499.991	1332.96	-3.14136
499.99	1331.87	-3.14136
499.99	1330.78	-3.14136
499.99	1329.69	-3.14136
499.99	1328.61	-3.14136
499.989	1327.52	-3.14136
499.989	1326.43	-3.14136
499.989	1325.34	-3.14136
499.989	1324.25	-3.14136
499.988	1323.17	-3.14136
499.988	1322.08	-3.14136
499.988	1320.99	-3.14136
499.987	1319.9	-3.14136
499.987	1318.81	-3.14136
499.987	1317.73	-3.14136
499.987	1316.64	-3.14136
499.986	1315.55	-3.14136
499.986	1314.46	-3.14136
499.986	1313.37	-3.14136
499.986	1312.28	-3.14136
499.985	1311.2	-3.14136
499.985	1310.11	-3.14136
499.985	1309.02	-3.14136
499.985	1307.93	-3.14136
499.984	1306.84	-3.14136
499.984	1305.76	-3.14136
499.984	1304.67	-3.14136
499.984	1303.58	-3.14136
499.983	1302.49	-3.14136
499.983	1301.4	-3.14136
499.983	1300.32	-3.14136
499.983	1299.23	-3.14136
499.982	1298.14	-3.14136
499.982	1297.05	-3.14136
499.982	1295.96	-3.14136
499.982	1294.88	-3.14136
499.981	1293.79	-3.14136
499.981	1292.7	-3.14136
499.981	1291.61	-3.14136
499.981	1290.52	-3.14136
499.98	1289.43	-3.14136
499.98	1288.35	-3.14136
499.98	1287.26	-3.14136
499.979	1286.17	-3.14136
499.979	1285.08	-3.14136
499.979	1283.99	-3.14136
499.979	1282.91	-3.14136
499.978	1281.82	-3.14136
499.978	1280.73	-3.14136
499.978	1279.64	-3.14136
499.978	1278.55	-3.14136
499.977	1277.47	-3.14136
499.977	1276.38	-3.14136
499.977	1275.29	-3.14136
499.977	1274.2	-3.14136
499.976	1273.11	-3.14136
499.976	1272.03	-3.14136
499.976	1270.94	-3.14136
499.976	1269.85	-3.14136
499.975	1268.76	-3.14136
499.975	1267.67	-3.14136
499.975	1266.58	-3.14136
499.975	1265.5	-3.14136
499.974	1264.41	-3.14136
499.974	1263.32	-3.14136
499.974	1262.23	-3.14136
499.974	1261.14	-3.14136
499.973	1260.06	-3.14136
499.973	1258.97	-3.14136
499.973	1257.88	-3.14136
499.973	1256.81	-3.14136
499.972	1255.74	-3.14136
499.972	1254.7	-3.14136
499.972	1253.66	-3.14136
499.972	1252.64	-3.14136
499.971	1251.64	-3.14136
499.971	1250.64	-3.14136
499.971	1249.66	-3.14136
499.971	1248.7	-3.14136
499.97	1247.75	-3.14136
499.97	1246.81	-3.14136
499.97	1245.88	-3.14136
499.97	1244.97	-3.14136
499.97	1244.07	-3.14136
499.969	1243.19	-3.14136
499.969	1242.32	-3.14136
499.969	1241.46	-3.14136
499.969	1240.62	-3.14136
499.968	1239.79	-3.14136
499.968	1238.97	-3.14136
499.968	1238.17	-3.14136
499.968	1237.38	-3.14136
499.968	1236.61	-3.14136
499.968	1235.85	-3.14136
499.967	1235.1	-3.14136
499.967	1234.36	-3.14136
499.967	1233.64	-3.14136
499.967	1232.93	-3.14136
499.967	1232.24	-3.14136
499.967	1231.56	-3.14136
499.966	1230.89	-3.14136
499.966	1230.24	-3.14136
499.966	1229.6	-3.14136
499.966	1228.98	-3.14136
499.966	1228.36	-3.14136
499.966	1227.77	-3.14136
499.965	1227.18	-3.14136
499.965	1226.61	-3.14136
499.965	1226.05	-3.14136
499.965	1225.51	-3.14136
499.965	1224.98	-3.14136
499.965	1224.46	-3.14136
499.965	1223.96	-3.14136
499.965	1223.47	-3.14136
499.965	1222.99	-3.14136
499.964	1222.53	-3.14136
499.964	1222.08	-3.14136
499.964	1221.65	-3.14136
499.964	1221.22	-3.14136
499.964	1220.82	-3.14136
499.964	1220.42	-3.14136
499.964	1220.04	-3.14136
499.964	1219.67	-3.14136
499.964	1219.32	-3.14136
499.964	1218.98	-3.14136
499.963	1218.65	-3.14136
499.963	1218.34	-3.14136
499.963	1218.04	-3.14136
499.963	1217.76	-3.14136
499.963	1217.48	-3.14136
499.963	1217.23	-3.14136
499.963	1216.98	-3.14136
499.963	1216.75	-3.14136
499.963	1216.53	-3.14136
499.963	1216.33	-3.14136
499.963	1216.14	-3.14136
499.963	1215.96	-3.14136
499.963	1215.8	-3.14136
499.963	1215.65	-3.14136
499.963	1215.51	-3.14136
499.963	1215.39	-3.14136
499.963	1215.28	-3.14136
499.963	1215.19	-3.14136
499.963	1215.1	-3.14136
499.963	1215.04	-3.14136
499.963	1214.98	-3.14136
